S17176_1:101		
337.498	1	
337.947	3	
338.397	1	
338.846	-2	
339.295	-7	
339.745	-4	
340.194	-2	
340.644	-5	
341.094	-2	
341.544	-3	
341.994	-2	
342.444	-3	
342.894	0	
343.344	6	
343.794	-3	
344.244	1	
344.695	-1	
345.145	-8	
345.596	-1	
346.046	4	
346.497	0	
346.948	4	
347.399	2	
347.85	2	
348.301	-1	
348.752	2	
349.203	-1	
349.654	2	
350.106	-4	
350.557	3	
351.009	-1	
351.46	-2	
351.912	2	
352.364	-1	
352.816	1	
353.267	-1	
353.719	-2	
354.172	6	
354.624	4	
355.076	-4	
355.528	2	
355.981	-1	
356.433	-1	
356.886	-7	
357.338	-3	
357.791	0	
358.244	2	
358.697	-4	
359.15	-1	
359.603	1	
360.056	-4	
360.509	1	
360.962	0	
361.416	3	
361.869	1	
362.323	2	
362.776	-5	
363.23	-5	
363.684	-5	
364.138	1	
364.591	0	
365.045	0	
365.499	3	
365.954	5	
366.408	-3	
366.862	3	
367.316	4	
367.771	2	
368.225	2	
368.68	5	
369.135	5	
369.59	3	
370.044	-2	
370.499	0	
370.954	0	
371.409	-2	
371.864	-2	
372.32	4	
372.775	7	
373.23	-5	
373.686	-3	
374.141	0	
374.597	1	
375.053	2	
375.508	2	
375.964	0	
376.42	3	
376.876	-10	
377.332	0	
377.788	-2	
378.244	-3	
378.701	2	
379.157	3	
379.614	2	
380.07	-1	
380.527	5	
380.983	3	
381.44	-1	
381.897	-1	
382.354	1	
382.811	6	
383.268	6	
383.725	1	
384.182	-1	
384.639	-4	
385.097	-1	
385.554	1	
386.011	-2	
386.469	0	
386.927	5	
387.384	2	
387.842	2	
388.3	1	
388.758	1	
389.216	-2	
389.674	6	
390.132	3	
390.59	4	
391.049	4	
391.507	-3	
391.965	1	
392.424	0	
392.882	5	
393.341	-4	
393.8	-2	
394.259	3	
394.718	3	
395.176	2	
395.635	4	
396.095	2	
396.554	2	
397.013	-7	
397.472	4	
397.932	-2	
398.391	-3	
398.851	0	
399.31	0	
399.77	-4	
400.23	2	
400.689	1	
401.149	4	
401.609	8	
402.069	4	
402.529	4	
402.989	0	
403.45	-1	
403.91	0	
404.37	3	
404.831	1	
405.291	8	
405.752	7	
406.213	-2	
406.673	3	
407.134	4	
407.595	7	
408.056	0	
408.517	6	
408.978	11	
409.439	10	
409.9	3	
410.362	2	
410.823	10	
411.284	15	
411.746	2	
412.207	8	
412.669	9	
413.131	14	
413.593	8	
414.054	12	
414.516	16	
414.978	22	
415.44	18	
415.902	17	
416.365	20	
416.827	26	
417.289	19	
417.752	28	
418.214	28	
418.677	32	
419.139	28	
419.602	31	
420.065	29	
420.527	45	
420.99	46	
421.453	43	
421.916	47	
422.379	56	
422.842	60	
423.306	62	
423.769	74	
424.232	61	
424.696	76	
425.159	79	
425.623	87	
426.086	91	
426.55	95	
427.014	95	
427.477	105	
427.941	115	
428.405	116	
428.869	124	
429.333	130	
429.797	134	
430.262	144	
430.726	157	
431.19	164	
431.655	175	
432.119	187	
432.584	196	
433.048	208	
433.513	217	
433.977	234	
434.442	246	
434.907	268	
435.372	278	
435.837	297	
436.302	309	
436.767	334	
437.232	343	
437.698	363	
438.163	381	
438.628	403	
439.094	415	
439.559	437	
440.025	443	
440.49	475	
440.956	491	
441.422	516	
441.888	534	
442.354	556	
442.819	582	
443.286	605	
443.752	619	
444.218	652	
444.684	677	
445.15	699	
445.617	732	
446.083	745	
446.549	773	
447.016	799	
447.482	812	
447.949	831	
448.416	846	
448.883	863	
449.349	858	
449.816	872	
450.283	890	
450.75	881	
451.217	889	
451.684	876	
452.152	875	
452.619	882	
453.086	874	
453.554	884	
454.021	869	
454.489	874	
454.956	862	
455.424	875	
455.892	850	
456.359	855	
456.827	849	
457.295	843	
457.763	822	
458.231	824	
458.699	805	
459.167	757	
459.635	734	
460.104	710	
460.572	684	
461.04	633	
461.509	610	
461.977	578	
462.446	542	
462.914	505	
463.383	483	
463.852	458	
464.32	434	
464.789	410	
465.258	389	
465.727	373	
466.196	356	
466.665	353	
467.134	329	
467.604	323	
468.073	316	
468.542	300	
469.012	290	
469.481	288	
469.95	285	
470.42	277	
470.89	267	
471.359	256	
471.829	256	
472.299	253	
472.769	248	
473.239	237	
473.709	228	
474.179	220	
474.649	206	
475.119	198	
475.589	191	
476.059	183	
476.529	174	
477	171	
477.47	162	
477.941	155	
478.411	142	
478.882	127	
479.353	139	
479.823	126	
480.294	116	
480.765	120	
481.236	114	
481.707	115	
482.178	109	
482.649	111	
483.12	110	
483.591	109	
484.062	100	
484.533	104	
485.005	102.5	
485.476	101	
485.948	105	
486.419	103	
486.891	99	
487.362	104	
487.834	104	
488.306	103	
488.777	105	
489.249	104	
489.721	97	
490.193	103	
490.665	99	
491.137	105	
491.609	105	
492.081	104	
492.554	103	
493.026	103	
493.498	112	
493.971	107	
494.443	104	
494.915	109	
495.388	107	
495.861	112	
496.333	115	
496.806	118	
497.279	118	
497.752	120	
498.224	127	
498.697	132	
499.17	134	
499.643	135	
500.116	136	
500.59	134	
501.063	143	
501.536	151	
502.009	152	
502.483	154	
502.956	166	
503.429	169	
503.903	168	
504.376	175	
504.85	186	
505.324	194	
505.797	193	
506.271	202	
506.745	201	
507.219	207	
507.693	203	
508.167	217	
508.641	217	
509.115	217	
509.589	227	
510.063	235	
510.537	238	
511.012	240	
511.486	253	
511.96	242	
512.435	251	
512.909	251	
513.384	253	
513.858	265	
514.333	261	
514.808	262	
515.283	267	
515.757	277	
516.232	277	
516.707	285	
517.182	284	
517.657	289	
518.132	298	
518.607	299	
519.082	300	
519.557	300	
520.033	310	
520.508	307	
520.983	308	
521.459	314	
521.934	319	
522.41	320	
522.885	324	
523.361	326	
523.836	332	
524.312	327	
524.788	331	
525.264	330	
525.739	331	
526.215	327	
526.691	328	
527.167	333	
527.643	326	
528.119	331	
528.595	331	
529.072	327	
529.548	329	
530.024	336	
530.5	335	
530.977	341	
531.453	338	
531.93	340	
532.406	341	
532.883	352	
533.359	352	
533.836	352	
534.313	353	
534.789	353	
535.266	359	
535.743	361	
536.22	359	
536.697	366	
537.174	369	
537.651	360	
538.128	372	
538.605	366	
539.082	369	
539.559	368	
540.037	366	
540.514	371	
540.991	373	
541.469	364	
541.946	360	
542.424	361	
542.901	361	
543.379	365	
543.856	356	
544.334	353	
544.812	359	
545.289	361	
545.767	357	
546.245	360	
546.723	355	
547.201	356	
547.679	358	
548.157	353	
548.635	351	
549.113	359	
549.591	351	
550.069	351	
550.548	358	
551.026	355	
551.504	357	
551.983	362	
552.461	364	
552.94	360	
553.418	360	
553.897	360	
554.375	364	
554.854	365	
555.333	375	
555.811	365	
556.29	369	
556.769	379	
557.248	359	
557.727	379	
558.206	373	
558.685	374	
559.164	380	
559.643	365	
560.122	369	
560.601	366	
561.08	371	
561.559	372	
562.039	365	
562.518	370	
562.997	366	
563.477	369	
563.956	357	
564.436	362	
564.915	362	
565.395	366	
565.875	355	
566.354	355	
566.834	355	
567.314	359	
567.793	347	
568.273	349	
568.753	349	
569.233	353	
569.713	346	
570.193	352	
570.673	351	
571.153	350	
571.633	351	
572.113	353	
572.594	355	
573.074	356	
573.554	350	
574.034	357	
574.515	366	
574.995	358	
575.476	367	
575.956	359	
576.437	359	
576.917	363	
577.398	360	
577.878	368	
578.359	362	
578.84	369	
579.32	370	
579.801	368	
580.282	365	
580.763	365	
581.244	369	
581.725	374	
582.206	369	
582.687	368	
583.168	369	
583.649	363	
584.13	369	
584.611	367	
585.093	358	
585.574	363	
586.055	366	
586.536	359	
587.018	362	
587.499	357	
587.981	351	
588.462	356	
588.944	360	
589.425	361	
589.907	348	
590.388	352	
590.87	349	
591.352	349	
591.834	344	
592.315	343	
592.797	345	
593.279	340	
593.761	336	
594.243	340	
594.725	338	
595.207	335	
595.689	338	
596.171	338	
596.653	341	
597.135	341	
597.617	332	
598.1	332	
598.582	334	
599.064	334	
599.546	333	
600.029	329	
600.511	331	
600.994	330	
601.476	326	
601.959	327	
602.441	335	
602.924	331.5	
603.406	328	
603.889	320	
604.372	319	
604.854	322	
605.337	320	
605.82	313	
606.303	314	
606.785	312	
607.268	312	
607.751	304	
608.234	307	
608.717	299	
609.2	300	
609.683	299	
610.166	294	
610.649	290	
611.133	291	
611.616	290	
612.099	290	
612.582	287	
613.066	282	
613.549	280	
614.032	279	
614.516	278	
614.999	279	
615.482	274	
615.966	277	
616.45	277	
616.933	272	
617.417	273	
617.9	273	
618.384	268	
618.868	271	
619.351	274	
619.835	274	
620.319	266	
620.803	267	
621.286	269	
621.77	267	
622.254	263	
622.738	265	
623.222	261	
623.706	264	
624.19	264	
624.674	268	
625.158	258	
625.642	263	
626.127	267	
626.611	259	
627.095	255	
627.579	259	
628.064	254	
628.548	259	
629.032	250	
629.517	254	
630.001	261	
630.485	260	
630.97	251	
631.454	257	
631.939	247	
632.423	251	
632.908	250	
633.393	258	
633.877	249	
634.362	244	
634.847	246	
635.331	243	
635.816	251	
636.301	245	
636.786	252	
637.271	246	
637.755	255	
638.24	248	
638.725	247	
639.21	249	
639.695	255	
640.18	250	
640.665	257	
641.15	256	
641.635	255	
642.121	258	
642.606	263	
643.091	261	
643.576	265	
644.061	275	
644.547	271	
645.032	277	
645.517	284	
646.003	289	
646.488	296	
646.973	300	
647.459	305	
647.944	309	
648.43	318	
648.915	325	
649.401	338	
649.886	341	
650.372	345	
650.858	358	
651.343	368	
651.829	372	
652.315	377	
652.8	392	
653.286	402	
653.772	408	
654.258	420	
654.744	431	
655.229	442	
655.715	448	
656.201	457	
656.687	469	
657.173	479	
657.659	485	
658.145	492	
658.631	501	
659.117	504	
659.603	496	
660.089	492	
660.576	488	
661.062	481	
661.548	468	
662.034	444	
662.52	427	
663.007	410	
663.493	385	
663.979	362	
664.466	344	
664.952	322	
665.438	301	
665.925	277	
666.411	256	
666.898	237	
667.384	229	
667.871	212	
668.357	202	
668.844	190	
669.33	175	
669.817	164	
670.303	161	
670.79	153	
671.277	150	
671.763	134	
672.25	130	
672.737	127	
673.224	125	
673.71	120	
674.197	104	
674.684	112	
675.171	107	
675.658	103	
676.145	98	
676.632	96	
677.118	97	
677.605	93	
678.092	94	
678.579	91	
679.066	88	
679.554	86	
680.041	89	
680.528	82	
681.015	82	
681.502	85	
681.989	86	
682.476	81	
682.963	80	
683.451	82	
683.938	77	
684.425	81	
684.912	81	
685.4	78	
685.887	79	
686.374	79	
686.862	80	
687.349	76	
687.837	75	
688.324	77	
688.811	79	
689.299	77	
689.786	78	
690.274	83	
690.761	86	
691.249	77	
691.736	82	
692.224	81	
692.712	88	
693.199	87	
693.687	81	
694.175	88	
694.662	84	
695.15	87	
695.638	88	
696.125	85	
696.613	90	
697.101	84	
697.589	89	
698.076	83	
698.564	98	
699.052	94	
699.54	103	
700.028	103	
700.516	103	
701.004	109	
701.492	100	
701.98	103	
702.468	109	
702.956	115	
703.444	115	
703.932	117	
704.42	123	
704.908	126	
705.396	133	
705.884	129	
706.372	133	
706.86	127	
707.348	144	
707.836	147	
708.325	145	
708.813	148	
709.301	154	
709.789	159	
710.277	155	
710.766	158	
711.254	165	
711.742	173	
712.231	179	
712.719	173	
713.207	184	
713.696	186	
714.184	195	
714.672	197	
715.161	194	
715.649	210	
716.138	211	
716.626	215	
717.114	219	
717.603	221	
718.091	230	
718.58	231	
719.068	232	
719.557	236	
720.046	241	
720.534	253	
721.023	250	
721.511	255	
722	256	
722.488	264	
722.977	267	
723.466	268	
723.954	273	
724.443	280	
724.932	282	
725.421	278	
725.909	291	
726.398	289	
726.887	292	
727.375	299	
727.864	299	
728.353	305	
728.842	309	
729.331	311	
729.819	315	
730.308	321	
730.797	333	
731.286	329	
731.775	328	
732.264	338	
732.753	344	
733.242	342	
733.73	342	
734.219	354	
734.708	351	
735.197	366	
735.686	358	
736.175	369	
736.664	367	
737.153	377	
737.642	379	
738.131	376	
738.62	376	
739.109	385	
739.599	389	
740.088	376	
740.577	382	
741.066	389	
741.555	377	
742.044	378	
742.533	365	
743.022	369	
743.511	363	
744.001	354	
744.49	353	
744.979	339	
745.468	331	
745.957	321	
746.447	309	
746.936	302	
747.425	287	
747.914	272	
748.403	258	
748.893	246	
749.382	231	
749.871	221	
750.361	209	
750.85	194	
751.339	185	
751.829	164	
752.318	163	
752.807	150	
753.297	133	
753.786	126	
754.275	111	
754.765	114	
755.254	103	
755.743	101	
756.233	87	
756.722	84	
757.212	76	
757.701	71	
758.19	65	
758.68	57	
759.169	53	
759.659	51	
760.148	48	
760.638	43	
761.127	39	
761.617	37	
762.106	33	
762.596	34	
763.085	26	
763.575	32	
764.064	31	
764.554	26	
765.043	24	
765.533	23	
766.022	21	
766.512	21	
767.001	18	
767.491	14	
767.981	10	
768.47	17	
768.96	17	
769.449	13	
769.939	10	
770.428	16	
770.918	10	
771.408	11	
771.897	13	
772.387	11	
772.877	9	
773.366	11	
773.856	9	
774.346	7	
774.835	8	
775.325	9	
775.814	6	
776.304	9	
776.794	6	
777.283	4	
777.773	4	
778.263	5	
778.753	8	
779.242	9	
779.732	9	
780.222	2	
780.711	1	
781.201	3	
781.691	-3	
782.18	3	
782.67	0	
783.16	2	
783.65	7	
784.139	7	
784.629	6	
785.119	1	
785.609	5	
786.098	8	
786.588	1	
787.078	7	
787.568	0	
788.057	4	
788.547	0	
789.037	4	
789.527	3	
790.016	6	
790.506	6	
790.996	1	
791.486	2	
791.975	8	
792.465	6	
792.955	8	
793.445	1	
793.935	2	
794.424	7	
794.914	4	
795.404	1	
795.894	4	
796.384	2	
796.873	6	
797.363	8	
797.853	2	
798.343	7	
798.833	3	
799.322	4	
799.812	9	
800.302	0	
800.792	8	
801.282	4	
801.771	-3	
802.261	7	
802.751	5	
803.241	2	
803.731	3	
804.22	0	
804.71	7	
805.2	5	
805.69	1	
806.18	9	
806.669	4	
807.159	5	
807.649	4	
808.139	6	
808.629	3	
809.118	2	
809.608	0	
810.098	-1	
810.588	6	
811.077	5	
811.567	4	
812.057	4	
812.547	7	
813.037	-1	
813.526	3	
814.016	-1	
814.506	-7	
814.996	5	
815.486	3	
815.975	0	
816.465	-1	
816.955	-1	
817.445	5	
817.934	2	
818.424	1	
818.914	2	
819.404	-1	
819.893	4	
820.383	-1	
820.873	3	
821.363	1	
821.852	0	
822.342	-1	
822.832	6	
823.322	-1	
823.811	5	
824.301	3	
824.791	7	
825.281	-2	
