S17176_1:101		
337.498	2	
337.947	-3	
338.397	3	
338.846	2	
339.295	-8	
339.745	-2	
340.194	0	
340.644	1	
341.094	0	
341.544	1	
341.994	-1	
342.444	1	
342.894	-1	
343.344	0	
343.794	-5	
344.244	2	
344.695	0	
345.145	-6	
345.596	-6	
346.046	3	
346.497	4	
346.948	2	
347.399	-4	
347.85	-1	
348.301	1	
348.752	-3	
349.203	-7	
349.654	6	
350.106	2	
350.557	0	
351.009	3	
351.46	-2	
351.912	2	
352.364	-2	
352.816	1	
353.267	0	
353.719	-2	
354.172	0	
354.624	-1	
355.076	-4	
355.528	3	
355.981	-5	
356.433	-3	
356.886	-2	
357.338	-4	
357.791	1	
358.244	-1	
358.697	-2	
359.15	2	
359.603	-3	
360.056	0	
360.509	3	
360.962	-3	
361.416	2	
361.869	2	
362.323	2	
362.776	-8	
363.23	-5	
363.684	-4	
364.138	-3	
364.591	2	
365.045	-1	
365.499	2	
365.954	0	
366.408	0	
366.862	1	
367.316	2	
367.771	0	
368.225	-2	
368.68	0	
369.135	1	
369.59	2	
370.044	1	
370.499	-1	
370.954	-2	
371.409	-1	
371.864	0	
372.32	0	
372.775	4	
373.23	-1	
373.686	-3	
374.141	-3	
374.597	0	
375.053	2	
375.508	4	
375.964	-4	
376.42	-1	
376.876	-8	
377.332	3	
377.788	-1	
378.244	-1	
378.701	4	
379.157	1	
379.614	-2	
380.07	1	
380.527	0	
380.983	-2	
381.44	1	
381.897	2	
382.354	0	
382.811	3	
383.268	5	
383.725	7	
384.182	0	
384.639	-1	
385.097	3	
385.554	2	
386.011	-4	
386.469	2	
386.927	0	
387.384	3	
387.842	6	
388.3	-1	
388.758	-1	
389.216	-2	
389.674	4	
390.132	-5	
390.59	5	
391.049	2	
391.507	-1	
391.965	-1	
392.424	-4	
392.882	8	
393.341	-4	
393.8	2	
394.259	4	
394.718	2	
395.176	3	
395.635	2	
396.095	3	
396.554	2	
397.013	-2	
397.472	-1	
397.932	-1	
398.391	-1	
398.851	3	
399.31	-2	
399.77	-6	
400.23	2	
400.689	4	
401.149	0	
401.609	4	
402.069	1	
402.529	5	
402.989	3	
403.45	-7	
403.91	3	
404.37	3	
404.831	2	
405.291	5	
405.752	1	
406.213	-2	
406.673	-2	
407.134	3	
407.595	3	
408.056	2	
408.517	8	
408.978	8	
409.439	2	
409.9	6	
410.362	3	
410.823	9	
411.284	11	
411.746	5	
412.207	9	
412.669	10	
413.131	12	
413.593	6	
414.054	20	
414.516	17	
414.978	19	
415.44	22	
415.902	18	
416.365	24	
416.827	23	
417.289	20	
417.752	30	
418.214	28	
418.677	29	
419.139	27	
419.602	38	
420.065	33	
420.527	43	
420.99	43	
421.453	45	
421.916	56	
422.379	53	
422.842	59	
423.306	63	
423.769	68	
424.232	66	
424.696	76	
425.159	81	
425.623	88	
426.086	96	
426.55	99	
427.014	98	
427.477	106	
427.941	116	
428.405	117	
428.869	126	
429.333	134	
429.797	141	
430.262	149	
430.726	157	
431.19	171	
431.655	176	
432.119	185	
432.584	197	
433.048	209	
433.513	218	
433.977	232	
434.442	248	
434.907	272	
435.372	282	
435.837	297	
436.302	316	
436.767	330	
437.232	346	
437.698	362	
438.163	385	
438.628	406	
439.094	421	
439.559	440	
440.025	445	
440.49	478	
440.956	500	
441.422	520	
441.888	531	
442.354	556	
442.819	585	
443.286	594	
443.752	610	
444.218	641	
444.684	662	
445.15	681	
445.617	707	
446.083	714	
446.549	737	
447.016	753	
447.482	759	
447.949	771	
448.416	776	
448.883	785	
449.349	776	
449.816	782	
450.283	794	
450.75	787	
451.217	787	
451.684	769	
452.152	767	
452.619	775	
453.086	771	
453.554	784	
454.021	769	
454.489	772	
454.956	767	
455.424	778	
455.892	763	
456.359	773	
456.827	764	
457.295	764	
457.763	756	
458.231	757	
458.699	740	
459.167	703	
459.635	680	
460.104	664	
460.572	635	
461.04	591	
461.509	567	
461.977	539	
462.446	507	
462.914	473	
463.383	453	
463.852	423	
464.32	405	
464.789	377	
465.258	361	
465.727	339	
466.196	325	
466.665	319	
467.134	301	
467.604	292	
468.073	286	
468.542	275	
469.012	264	
469.481	266	
469.95	259	
470.42	254	
470.89	241	
471.359	237	
471.829	232	
472.299	237	
472.769	225	
473.239	221	
473.709	211	
474.179	211	
474.649	194	
475.119	181	
475.589	178	
476.059	168	
476.529	164	
477	158	
477.47	146	
477.941	141	
478.411	130	
478.882	120	
479.353	128	
479.823	120	
480.294	113	
480.765	112	
481.236	106	
481.707	105	
482.178	106	
482.649	100	
483.12	98	
483.591	106	
484.062	92	
484.533	98	
485.005	94	
485.476	90	
485.948	102	
486.419	92	
486.891	99	
487.362	96	
487.834	95	
488.306	97	
488.777	105	
489.249	98	
489.721	94	
490.193	101	
490.665	95	
491.137	99	
491.609	104	
492.081	98	
492.554	103	
493.026	104	
493.498	105	
493.971	105	
494.443	108	
494.915	108	
495.388	109	
495.861	113	
496.333	114.5	
496.806	116	
497.279	116	
497.752	124	
498.224	124	
498.697	133	
499.17	129	
499.643	133	
500.116	141	
500.59	135	
501.063	143	
501.536	152	
502.009	156	
502.483	158	
502.956	166	
503.429	170	
503.903	172	
504.376	177	
504.85	183	
505.324	190	
505.797	190	
506.271	199	
506.745	197	
507.219	202	
507.693	205	
508.167	214	
508.641	216	
509.115	218	
509.589	227	
510.063	230	
510.537	235	
511.012	238	
511.486	249	
511.96	237	
512.435	245	
512.909	248	
513.384	257	
513.858	257	
514.333	261	
514.808	265	
515.283	259	
515.757	274	
516.232	277	
516.707	276	
517.182	278	
517.657	288	
518.132	288	
518.607	291	
519.082	297	
519.557	300	
520.033	304	
520.508	300	
520.983	303	
521.459	307	
521.934	316	
522.41	314	
522.885	325	
523.361	314	
523.836	327	
524.312	318	
524.788	316	
525.264	328	
525.739	330	
526.215	318	
526.691	319	
527.167	325	
527.643	323	
528.119	319	
528.595	320	
529.072	314	
529.548	319	
530.024	325	
530.5	324	
530.977	325	
531.453	331	
531.93	332	
532.406	332	
532.883	338	
533.359	342	
533.836	338	
534.313	343	
534.789	338	
535.266	348	
535.743	352	
536.22	346	
536.697	351	
537.174	357	
537.651	352	
538.128	354	
538.605	359	
539.082	362	
539.559	354	
540.037	356	
540.514	357	
540.991	366	
541.469	354	
541.946	349	
542.424	355	
542.901	349	
543.379	350	
543.856	344	
544.334	343	
544.812	347	
545.289	344	
545.767	342	
546.245	348	
546.723	343	
547.201	341	
547.679	343	
548.157	338	
548.635	344	
549.113	344	
549.591	342	
550.069	341	
550.548	343	
551.026	344	
551.504	346	
551.983	345	
552.461	354	
552.94	347	
553.418	350	
553.897	348	
554.375	354	
554.854	350	
555.333	360	
555.811	357	
556.29	353	
556.769	364	
557.248	349	
557.727	363	
558.206	360	
558.685	354	
559.164	361	
559.643	359	
560.122	356	
560.601	350	
561.08	357	
561.559	358	
562.039	351	
562.518	351	
562.997	350	
563.477	349	
563.956	340	
564.436	346	
564.915	343	
565.395	347	
565.875	341	
566.354	337	
566.834	346	
567.314	339	
567.793	336	
568.273	337	
568.753	333	
569.233	335	
569.713	334	
570.193	337	
570.673	336	
571.153	336	
571.633	339	
572.113	339	
572.594	338	
573.074	342	
573.554	335	
574.034	340	
574.515	349	
574.995	342	
575.476	349	
575.956	347	
576.437	349	
576.917	351	
577.398	344	
577.878	350	
578.359	347	
578.84	353	
579.32	357	
579.801	351	
580.282	351	
580.763	350	
581.244	345	
581.725	355	
582.206	356	
582.687	347	
583.168	351	
583.649	350	
584.13	349	
584.611	356	
585.093	336	
585.574	344	
586.055	346	
586.536	347	
587.018	344	
587.499	343	
587.981	334	
588.462	340	
588.944	335	
589.425	333	
589.907	334	
590.388	336	
590.87	324	
591.352	324	
591.834	328	
592.315	323	
592.797	326	
593.279	322	
593.761	324	
594.243	327	
594.725	320	
595.207	324	
595.689	324	
596.171	316	
596.653	320	
597.135	320	
597.617	317	
598.1	318	
598.582	319	
599.064	318	
599.546	316	
600.029	311	
600.511	312	
600.994	315	
601.476	310	
601.959	311	
602.441	308	
602.924	308.5	
603.406	309	
603.889	306	
604.372	304	
604.854	306	
605.337	301	
605.82	300	
606.303	298	
606.785	295	
607.268	294	
607.751	287	
608.234	286	
608.717	285	
609.2	285	
609.683	285	
610.166	279	
610.649	280	
611.133	273	
611.616	271	
612.099	267	
612.582	273	
613.066	268	
613.549	265	
614.032	262	
614.516	261	
614.999	262	
615.482	255	
615.966	258	
616.45	261	
616.933	266	
617.417	259	
617.9	257	
618.384	249	
618.868	253	
619.351	253	
619.835	253	
620.319	256	
620.803	249	
621.286	250	
621.77	248	
622.254	245	
622.738	250	
623.222	249	
623.706	250	
624.19	247	
624.674	249	
625.158	242	
625.642	243	
626.127	247	
626.611	245	
627.095	242	
627.579	243	
628.064	238	
628.548	239	
629.032	229	
629.517	239	
630.001	239	
630.485	241	
630.97	234	
631.454	237	
631.939	229	
632.423	239	
632.908	233	
633.393	234	
633.877	231	
634.362	234	
634.847	232	
635.331	228	
635.816	235	
636.301	230	
636.786	233	
637.271	229	
637.755	239	
638.24	223	
638.725	232	
639.21	230	
639.695	230	
640.18	237	
640.665	237	
641.15	235	
641.635	237	
642.121	235	
642.606	248	
643.091	242	
643.576	248	
644.061	255	
644.547	257	
645.032	258	
645.517	263	
646.003	264	
646.488	269	
646.973	278	
647.459	279	
647.944	286	
648.43	293	
648.915	301	
649.401	309	
649.886	322	
650.372	320	
650.858	325	
651.343	338	
651.829	343	
652.315	347	
652.8	363	
653.286	369	
653.772	379	
654.258	388	
654.744	394	
655.229	407	
655.715	417	
656.201	425	
656.687	432	
657.173	439	
657.659	446	
658.145	459	
658.631	465	
659.117	467	
659.603	464	
660.089	470	
660.576	460	
661.062	461	
661.548	456	
662.034	434	
662.52	423	
663.007	409	
663.493	384	
663.979	368	
664.466	346	
664.952	325	
665.438	299	
665.925	281	
666.411	264	
666.898	241	
667.384	228	
667.871	216	
668.357	202	
668.844	191	
669.33	178	
669.817	161	
670.303	162	
670.79	153	
671.277	142	
671.763	135	
672.25	132	
672.737	123	
673.224	121	
673.71	116	
674.197	105	
674.684	103	
675.171	104	
675.658	96	
676.145	96	
676.632	99	
677.118	97	
677.605	89	
678.092	91	
678.579	90	
679.066	87	
679.554	86	
680.041	84	
680.528	82	
681.015	76	
681.502	76	
681.989	72	
682.476	77	
682.963	79	
683.451	78	
683.938	73	
684.425	75	
684.912	78	
685.4	76	
685.887	70	
686.374	75	
686.862	78	
687.349	74	
687.837	70	
688.324	75	
688.811	76	
689.299	72	
689.786	76	
690.274	74	
690.761	82	
691.249	76	
691.736	81	
692.224	76	
692.712	81	
693.199	80	
693.687	78	
694.175	83	
694.662	83	
695.15	81	
695.638	82	
696.125	82	
696.613	85	
697.101	86	
697.589	88	
698.076	82	
698.564	96	
699.052	91	
699.54	97	
700.028	94	
700.516	101	
701.004	107	
701.492	101	
701.98	101	
702.468	104.5	
702.956	108	
703.444	112	
703.932	115	
704.42	116	
704.908	119	
705.396	125	
705.884	127	
706.372	129	
706.86	128	
707.348	139	
707.836	139	
708.325	142	
708.813	145	
709.301	146	
709.789	149	
710.277	153	
710.766	152	
711.254	165	
711.742	165	
712.231	170	
712.719	169	
713.207	168	
713.696	183	
714.184	187	
714.672	188	
715.161	184	
715.649	198	
716.138	202	
716.626	203	
717.114	204	
717.603	211	
718.091	219	
718.58	221	
719.068	222	
719.557	225	
720.046	225	
720.534	239	
721.023	238	
721.511	242	
722	247	
722.488	249	
722.977	255	
723.466	257	
723.954	261	
724.443	266	
724.932	269	
725.421	265	
725.909	268	
726.398	273	
726.887	277	
727.375	288	
727.864	294	
728.353	293	
728.842	294	
729.331	301	
729.819	304	
730.308	307	
730.797	311	
731.286	313	
731.775	315	
732.264	320	
732.753	322	
733.242	325	
733.73	319	
734.219	330	
734.708	328	
735.197	340	
735.686	336	
736.175	346	
736.664	345	
737.153	347	
737.642	348	
738.131	342	
738.62	347	
739.109	353	
739.599	353	
740.088	350	
740.577	352	
741.066	354	
741.555	348	
742.044	345	
742.533	334	
743.022	329	
743.511	329	
744.001	320	
744.49	315	
744.979	298	
745.468	299	
745.957	287	
746.447	273	
746.936	260	
747.425	255	
747.914	239	
748.403	235	
748.893	223	
749.382	204	
749.871	197	
750.361	181	
750.85	171	
751.339	164	
751.829	148	
752.318	141	
752.807	133	
753.297	123	
753.786	114	
754.275	102	
754.765	102	
755.254	92	
755.743	86	
756.233	78	
756.722	77	
757.212	71	
757.701	64	
758.19	58	
758.68	52	
759.169	45	
759.659	48	
760.148	45	
760.638	44	
761.127	38	
761.617	30	
762.106	32	
762.596	33	
763.085	25	
763.575	29	
764.064	28	
764.554	23	
765.043	20	
765.533	20	
766.022	22	
766.512	17	
767.001	9	
767.491	20	
767.981	11	
768.47	18	
768.96	14	
769.449	11	
769.939	6	
770.428	8	
770.918	11	
771.408	7	
771.897	9	
772.387	8	
772.877	6	
773.366	9	
773.856	9	
774.346	7	
774.835	11	
775.325	8	
775.814	6	
776.304	8	
776.794	9	
777.283	6	
777.773	9	
778.263	9	
778.753	6	
779.242	6	
779.732	5	
780.222	3	
780.711	6	
781.201	5	
781.691	-2	
782.18	7	
782.67	-2	
783.16	0	
783.65	2	
784.139	6	
784.629	8	
785.119	4	
785.609	2	
786.098	6	
786.588	-2	
787.078	4	
787.568	5	
788.057	1	
788.547	1	
789.037	4	
789.527	0	
790.016	2	
790.506	4	
790.996	3	
791.486	3	
791.975	6	
792.465	4	
792.955	4	
793.445	7	
793.935	3	
794.424	5	
794.914	6	
795.404	2	
795.894	5	
796.384	3	
796.873	0	
797.363	6	
797.853	3	
798.343	4	
798.833	3	
799.322	5	
799.812	3	
800.302	3	
800.792	2	
801.282	3	
801.771	-1	
802.261	4	
802.751	3	
803.241	0	
803.731	3	
804.22	1	
804.71	7	
805.2	6	
805.69	5	
806.18	4	
806.669	2	
807.159	3	
807.649	0	
808.139	2	
808.629	0	
809.118	-4	
809.608	-4	
810.098	-2	
810.588	5	
811.077	3	
811.567	5	
812.057	0	
812.547	5	
813.037	-1	
813.526	0	
814.016	-3	
814.506	-7	
814.996	4	
815.486	3	
815.975	1	
816.465	6	
816.955	1	
817.445	-2	
817.934	1	
818.424	0	
818.914	4	
819.404	0	
819.893	2	
820.383	-1	
820.873	1	
821.363	-1	
821.852	0	
822.342	3	
822.832	12	
823.322	2	
823.811	1	
824.301	1	
824.791	1	
825.281	3	
