S17176_1:101		
337.498	3	
337.947	1	
338.397	4	
338.846	1	
339.295	-4	
339.745	1	
340.194	1	
340.644	2	
341.094	-5	
341.544	7	
341.994	1	
342.444	2	
342.894	6	
343.344	7	
343.794	-4	
344.244	2	
344.695	3	
345.145	-2	
345.596	-1	
346.046	-2	
346.497	3	
346.948	5	
347.399	-2	
347.85	1	
348.301	4	
348.752	-1	
349.203	3	
349.654	1	
350.106	-3	
350.557	0	
351.009	1	
351.46	3	
351.912	-4	
352.364	-1	
352.816	6	
353.267	1	
353.719	-4	
354.172	4	
354.624	3	
355.076	1	
355.528	5	
355.981	3	
356.433	4	
356.886	-1	
357.338	-2	
357.791	2	
358.244	5	
358.697	-2	
359.15	1	
359.603	1	
360.056	-2	
360.509	2	
360.962	0	
361.416	8	
361.869	1	
362.323	6	
362.776	-4	
363.23	0	
363.684	-2	
364.138	3	
364.591	4	
365.045	2	
365.499	9	
365.954	8	
366.408	-1	
366.862	1	
367.316	7	
367.771	5	
368.225	2	
368.68	3	
369.135	6	
369.59	6	
370.044	-1	
370.499	-2	
370.954	8	
371.409	3	
371.864	3	
372.32	1	
372.775	6	
373.23	1	
373.686	5	
374.141	1	
374.597	2	
375.053	3	
375.508	2	
375.964	-2	
376.42	0	
376.876	-9	
377.332	2	
377.788	4	
378.244	2	
378.701	8	
379.157	1	
379.614	-2	
380.07	-2	
380.527	6	
380.983	1	
381.44	-1	
381.897	5	
382.354	3	
382.811	2	
383.268	4	
383.725	-1	
384.182	5	
384.639	4	
385.097	5	
385.554	-2	
386.011	1	
386.469	6	
386.927	2	
387.384	5	
387.842	4	
388.3	2	
388.758	3	
389.216	0	
389.674	2	
390.132	2	
390.59	4	
391.049	3	
391.507	2	
391.965	3	
392.424	0	
392.882	6	
393.341	-2	
393.8	-4	
394.259	1	
394.718	2	
395.176	6	
395.635	3	
396.095	4	
396.554	6	
397.013	-4	
397.472	3	
397.932	3	
398.391	2	
398.851	1	
399.31	3	
399.77	-1	
400.23	1	
400.689	5	
401.149	4	
401.609	7	
402.069	1	
402.529	5	
402.989	4	
403.45	-2	
403.91	6	
404.37	2	
404.831	3	
405.291	5	
405.752	5	
406.213	2	
406.673	1	
407.134	6	
407.595	3	
408.056	5	
408.517	5	
408.978	1	
409.439	1	
409.9	1	
410.362	2	
410.823	4	
411.284	10	
411.746	-2	
412.207	6	
412.669	5	
413.131	0	
413.593	3	
414.054	12	
414.516	9	
414.978	3	
415.44	8	
415.902	12	
416.365	12	
416.827	14	
417.289	5	
417.752	10	
418.214	10	
418.677	10	
419.139	15	
419.602	12	
420.065	16	
420.527	18	
420.99	19	
421.453	22	
421.916	17	
422.379	25	
422.842	26	
423.306	28	
423.769	32	
424.232	24	
424.696	35	
425.159	32	
425.623	39	
426.086	43	
426.55	45	
427.014	44	
427.477	46	
427.941	51	
428.405	57	
428.869	56	
429.333	63	
429.797	65	
430.262	72	
430.726	75	
431.19	87	
431.655	88	
432.119	91	
432.584	103	
433.048	109	
433.513	116	
433.977	121	
434.442	133	
434.907	150	
435.372	155	
435.837	156	
436.302	176	
436.767	190	
437.232	200	
437.698	208	
438.163	226	
438.628	241	
439.094	248	
439.559	265	
440.025	270	
440.49	291	
440.956	305	
441.422	323	
441.888	334	
442.354	357	
442.819	375	
443.286	386	
443.752	402	
444.218	422	
444.684	442	
445.15	457	
445.617	473	
446.083	488	
446.549	507	
447.016	519	
447.482	519	
447.949	533	
448.416	528	
448.883	542	
449.349	528	
449.816	523	
450.283	523	
450.75	506	
451.217	495	
451.684	476	
452.152	456	
452.619	444	
453.086	422	
453.554	412	
454.021	385	
454.489	372	
454.956	349	
455.424	335	
455.892	315	
456.359	306	
456.827	291	
457.295	287	
457.763	272	
458.231	265	
458.699	250	
459.167	237	
459.635	230	
460.104	217	
460.572	213	
461.04	200	
461.509	195	
461.977	184	
462.446	176	
462.914	168	
463.383	159	
463.852	157	
464.32	150	
464.789	143	
465.258	140	
465.727	128	
466.196	120	
466.665	123	
467.134	113	
467.604	103	
468.073	107	
468.542	93	
469.012	96	
469.481	93	
469.95	88	
470.42	85	
470.89	81	
471.359	73	
471.829	74	
472.299	70	
472.769	73	
473.239	68	
473.709	64	
474.179	63	
474.649	59	
475.119	56	
475.589	55	
476.059	55	
476.529	50	
477	55	
477.47	54	
477.941	49	
478.411	40	
478.882	30	
479.353	41	
479.823	38	
480.294	39	
480.765	42	
481.236	37	
481.707	39	
482.178	39	
482.649	36	
483.12	39	
483.591	43	
484.062	39	
484.533	40	
485.005	37	
485.476	34	
485.948	42	
486.419	38	
486.891	41	
487.362	41	
487.834	40	
488.306	40	
488.777	42	
489.249	40	
489.721	40	
490.193	41	
490.665	39	
491.137	45	
491.609	45	
492.081	43	
492.554	47	
493.026	41	
493.498	53	
493.971	45	
494.443	50	
494.915	49	
495.388	49	
495.861	55	
496.333	54.5	
496.806	54	
497.279	54	
497.752	57	
498.224	59	
498.697	64	
499.17	64	
499.643	65	
500.116	65	
500.59	66	
501.063	70	
501.536	69	
502.009	76	
502.483	73	
502.956	78	
503.429	84	
503.903	81	
504.376	89	
504.85	89	
505.324	93	
505.797	92	
506.271	95	
506.745	95	
507.219	97	
507.693	95	
508.167	105	
508.641	107	
509.115	106	
509.589	110	
510.063	115	
510.537	114	
511.012	117	
511.486	119	
511.96	113	
512.435	123	
512.909	118	
513.384	117	
513.858	127	
514.333	125	
514.808	124	
515.283	127	
515.757	128	
516.232	130	
516.707	129	
517.182	129	
517.657	139	
518.132	142	
518.607	140	
519.082	140	
519.557	138	
520.033	149	
520.508	145	
520.983	151	
521.459	144	
521.934	146	
522.41	149	
522.885	150	
523.361	149	
523.836	156	
524.312	156	
524.788	153	
525.264	152	
525.739	150	
526.215	152	
526.691	147	
527.167	152	
527.643	148	
528.119	145	
528.595	151	
529.072	143	
529.548	150	
530.024	150	
530.5	153	
530.977	155	
531.453	151	
531.93	155	
532.406	155	
532.883	160	
533.359	162	
533.836	157	
534.313	158	
534.789	155	
535.266	164	
535.743	162	
536.22	166	
536.697	163	
537.174	166	
537.651	162	
538.128	165	
538.605	164	
539.082	165	
539.559	162	
540.037	159	
540.514	167	
540.991	166	
541.469	165	
541.946	157	
542.424	161	
542.901	162	
543.379	164	
543.856	157	
544.334	158	
544.812	159	
545.289	161	
545.767	158	
546.245	156	
546.723	156	
547.201	156	
547.679	159	
548.157	155	
548.635	152	
549.113	156	
549.591	156	
550.069	151	
550.548	163	
551.026	157	
551.504	158	
551.983	159	
552.461	158	
552.94	161	
553.418	156	
553.897	156	
554.375	159	
554.854	159	
555.333	164	
555.811	161	
556.29	156	
556.769	166	
557.248	151	
557.727	160	
558.206	161	
558.685	163	
559.164	161	
559.643	155	
560.122	164	
560.601	157	
561.08	160	
561.559	157	
562.039	161	
562.518	162	
562.997	154	
563.477	155	
563.956	157	
564.436	156	
564.915	155	
565.395	148	
565.875	153	
566.354	154	
566.834	149	
567.314	151	
567.793	149	
568.273	149	
568.753	143	
569.233	145	
569.713	145	
570.193	146	
570.673	142	
571.153	146	
571.633	152	
572.113	140	
572.594	150	
573.074	152	
573.554	147	
574.034	150	
574.515	152	
574.995	146	
575.476	148	
575.956	147	
576.437	150	
576.917	153	
577.398	149	
577.878	149	
578.359	149	
578.84	155	
579.32	153	
579.801	152	
580.282	149	
580.763	150	
581.244	151	
581.725	153	
582.206	147	
582.687	149	
583.168	151	
583.649	150	
584.13	145	
584.611	147	
585.093	137	
585.574	145	
586.055	146	
586.536	145	
587.018	147	
587.499	144	
587.981	144	
588.462	146	
588.944	139	
589.425	140	
589.907	138	
590.388	139	
590.87	135	
591.352	146	
591.834	140	
592.315	138	
592.797	135	
593.279	136	
593.761	142	
594.243	130	
594.725	140	
595.207	134	
595.689	135	
596.171	136	
596.653	138	
597.135	133	
597.617	132	
598.1	134	
598.582	135	
599.064	138	
599.546	140	
600.029	137	
600.511	132	
600.994	137	
601.476	136	
601.959	136	
602.441	138	
602.924	140	
603.406	142	
603.889	139	
604.372	133	
604.854	142	
605.337	140	
605.82	140	
606.303	140	
606.785	139	
607.268	138	
607.751	137	
608.234	142	
608.717	134	
609.2	143	
609.683	137	
610.166	138	
610.649	144	
611.133	142	
611.616	140	
612.099	143	
612.582	146	
613.066	147	
613.549	151	
614.032	152	
614.516	149	
614.999	158	
615.482	157	
615.966	159	
616.45	164	
616.933	165	
617.417	168	
617.9	174	
618.384	174	
618.868	180	
619.351	186	
619.835	193	
620.319	199	
620.803	195	
621.286	204	
621.77	208	
622.254	214	
622.738	227	
623.222	226	
623.706	241	
624.19	239	
624.674	245	
625.158	257	
625.642	265	
626.127	281	
626.611	288	
627.095	289	
627.579	301	
628.064	306	
628.548	316	
629.032	324	
629.517	348	
630.001	352	
630.485	373	
630.97	378	
631.454	397	
631.939	397	
632.423	420	
632.908	433	
633.393	452	
633.877	464	
634.362	476	
634.847	488	
635.331	509	
635.816	524	
636.301	542	
636.786	570	
637.271	582	
637.755	605	
638.24	622	
638.725	645	
639.21	670	
639.695	688	
640.18	713	
640.665	750	
641.15	769	
641.635	797	
642.121	837	
642.606	873	
643.091	902	
643.576	940	
644.061	988	
644.547	1022	
645.032	1067	
645.517	1123	
646.003	1167	
646.488	1218	
646.973	1281	
647.459	1322	
647.944	1375	
648.43	1435	
648.915	1516	
649.401	1568	
649.886	1627	
650.372	1671	
650.858	1756	
651.343	1825	
651.829	1871	
652.315	1934	
652.8	2008	
653.286	2071	
653.772	2147	
654.258	2188	
654.744	2250	
655.229	2292	
655.715	2339	
656.201	2371	
656.687	2409	
657.173	2423	
657.659	2437	
658.145	2456	
658.631	2434	
659.117	2377	
659.603	2339	
660.089	2277	
660.576	2200	
661.062	2121	
661.548	2044	
662.034	1917	
662.52	1808	
663.007	1706	
663.493	1581	
663.979	1468	
664.466	1355	
664.952	1255	
665.438	1130	
665.925	1063	
666.411	966	
666.898	869	
667.384	805	
667.871	745	
668.357	679	
668.844	628	
669.33	572	
669.817	521	
670.303	491	
670.79	444	
671.277	415	
671.763	376	
672.25	348	
672.737	324	
673.224	297	
673.71	278	
674.197	254	
674.684	237	
675.171	223	
675.658	206	
676.145	189	
676.632	183	
677.118	168	
677.605	158	
678.092	148	
678.579	135	
679.066	132	
679.554	121	
680.041	120	
680.528	108	
681.015	101	
681.502	101	
681.989	95	
682.476	90	
682.963	92	
683.451	84	
683.938	87	
684.425	89	
684.912	77	
685.4	78	
685.887	73	
686.374	75	
686.862	66	
687.349	69	
687.837	66	
688.324	62	
688.811	64	
689.299	66	
689.786	66	
690.274	66	
690.761	62	
691.249	62	
691.736	68	
692.224	69	
692.712	68	
693.199	68	
693.687	69	
694.175	69	
694.662	70	
695.15	65	
695.638	71	
696.125	67	
696.613	78	
697.101	70	
697.589	72	
698.076	68	
698.564	79	
699.052	79	
699.54	77	
700.028	86	
700.516	80	
701.004	84	
701.492	84	
701.98	85	
702.468	88.5	
702.956	92	
703.444	96	
703.932	99	
704.42	98	
704.908	103	
705.396	106	
705.884	109	
706.372	114	
706.86	106	
707.348	116	
707.836	119	
708.325	125	
708.813	126	
709.301	132	
709.789	130	
710.277	135	
710.766	137	
711.254	141	
711.742	145	
712.231	146	
712.719	145	
713.207	148	
713.696	156	
714.184	154	
714.672	161	
715.161	154	
715.649	169	
716.138	175	
716.626	172	
717.114	175	
717.603	175	
718.091	180	
718.58	184	
719.068	186	
719.557	183	
720.046	189	
720.534	195	
721.023	193	
721.511	193	
722	194	
722.488	203	
722.977	204	
723.466	201	
723.954	203	
724.443	203	
724.932	210	
725.421	207	
725.909	206	
726.398	205	
726.887	202	
727.375	210	
727.864	207	
728.353	208	
728.842	211	
729.331	203	
729.819	198	
730.308	199	
730.797	199	
731.286	193	
731.775	187	
732.264	185	
732.753	180	
733.242	173	
733.73	162	
734.219	160	
734.708	152	
735.197	152	
735.686	141	
736.175	138	
736.664	126	
737.153	127	
737.642	116	
738.131	105	
738.62	103	
739.109	98	
739.599	95	
740.088	85	
740.577	81	
741.066	78	
741.555	68	
742.044	67	
742.533	58	
743.022	57	
743.511	48	
744.001	45	
744.49	44	
744.979	36	
745.468	42	
745.957	39	
746.447	30	
746.936	31	
747.425	36	
747.914	28	
748.403	22	
748.893	28	
749.382	20	
749.871	20	
750.361	17	
750.85	17	
751.339	18	
751.829	12	
752.318	11	
752.807	12	
753.297	15	
753.786	8	
754.275	11	
754.765	15	
755.254	4	
755.743	12	
756.233	9	
756.722	5	
757.212	10	
757.701	8	
758.19	10	
758.68	4	
759.169	3	
759.659	7	
760.148	6	
760.638	2	
761.127	7	
761.617	5	
762.106	9	
762.596	6	
763.085	2	
763.575	8	
764.064	10	
764.554	5	
765.043	7	
765.533	4	
766.022	5	
766.512	5	
767.001	2	
767.491	6	
767.981	1	
768.47	2	
768.96	6	
769.449	1	
769.939	-1	
770.428	3	
770.918	6	
771.408	7	
771.897	1	
772.387	7	
772.877	9	
773.366	4	
773.856	4	
774.346	4	
774.835	5	
775.325	7	
775.814	1	
776.304	6	
776.794	2	
777.283	5	
777.773	0	
778.263	1	
778.753	8	
779.242	0	
779.732	1	
780.222	3	
780.711	3	
781.201	-3	
781.691	-3	
782.18	7	
782.67	4	
783.16	2	
783.65	-1	
784.139	3	
784.629	7	
785.119	2	
785.609	0	
786.098	3	
786.588	-1	
787.078	4	
787.568	1	
788.057	6	
788.547	3	
789.037	-2	
789.527	1	
790.016	4	
790.506	5	
790.996	-3	
791.486	-1	
791.975	7	
792.465	1	
792.955	2	
793.445	3	
793.935	6	
794.424	4	
794.914	-1	
795.404	0	
795.894	3	
796.384	3	
796.873	3	
797.363	4	
797.853	1	
798.343	7	
798.833	3	
799.322	3	
799.812	7	
800.302	7	
800.792	2	
801.282	4	
801.771	-2	
802.261	4	
802.751	5	
803.241	0	
803.731	4	
804.22	4	
804.71	5	
805.2	8	
805.69	7	
806.18	3	
806.669	0	
807.159	4	
807.649	6	
808.139	5	
808.629	3	
809.118	-1	
809.608	3	
810.098	3	
810.588	8	
811.077	1	
811.567	1	
812.057	3	
812.547	3	
813.037	-2	
813.526	4	
814.016	5	
814.506	-3	
814.996	12	
815.486	6	
815.975	2	
816.465	-1	
816.955	4	
817.445	7	
817.934	3	
818.424	2	
818.914	0	
819.404	10	
819.893	3	
820.383	0	
820.873	6	
821.363	0	
821.852	3	
822.342	2	
822.832	3	
823.322	2	
823.811	8	
824.301	2	
824.791	6	
825.281	4	
