S17176_1:101		
337.498	0	
337.947	0	
338.397	0	
338.846	-6	
339.295	-8	
339.745	2	
340.194	0	
340.644	-5	
341.094	1	
341.544	0	
341.994	-4	
342.444	1	
342.894	0	
343.344	-1	
343.794	-4	
344.244	-1	
344.695	-4	
345.145	-7	
345.596	0	
346.046	1	
346.497	-1	
346.948	0	
347.399	0	
347.85	0	
348.301	-2	
348.752	-2	
349.203	1	
349.654	-2	
350.106	2	
350.557	-3	
351.009	-4	
351.46	-4	
351.912	-3	
352.364	-8	
352.816	-1	
353.267	2	
353.719	-1	
354.172	4	
354.624	-1	
355.076	-7	
355.528	3	
355.981	-1	
356.433	-3	
356.886	-8	
357.338	2	
357.791	-2	
358.244	-3	
358.697	-9	
359.15	3	
359.603	-6	
360.056	-4	
360.509	-1	
360.962	-4	
361.416	-1	
361.869	-1	
362.323	0	
362.776	-5	
363.23	-1	
363.684	-8	
364.138	1	
364.591	0	
365.045	0	
365.499	0	
365.954	3	
366.408	-6	
366.862	2	
367.316	1	
367.771	-2	
368.225	-5	
368.68	6	
369.135	-2	
369.59	3	
370.044	0	
370.499	-2	
370.954	0	
371.409	-4	
371.864	-2	
372.32	-1	
372.775	-2	
373.23	-8	
373.686	-2	
374.141	-1	
374.597	1	
375.053	3	
375.508	1	
375.964	-1	
376.42	-4	
376.876	-15	
377.332	-5	
377.788	-5	
378.244	-1	
378.701	2	
379.157	0	
379.614	0	
380.07	3	
380.527	1	
380.983	-4	
381.44	0	
381.897	-6	
382.354	0	
382.811	0	
383.268	2	
383.725	-4	
384.182	4	
384.639	3	
385.097	0	
385.554	1	
386.011	-8	
386.469	-3	
386.927	2	
387.384	6	
387.842	2	
388.3	2	
388.758	-1	
389.216	-4	
389.674	0	
390.132	2	
390.59	4	
391.049	2	
391.507	-4	
391.965	2	
392.424	0	
392.882	-1	
393.341	-5	
393.8	-2	
394.259	-5	
394.718	-1	
395.176	-1	
395.635	0	
396.095	0	
396.554	-3	
397.013	-5	
397.472	2	
397.932	-5	
398.391	-3	
398.851	-1	
399.31	2	
399.77	-8	
400.23	-1	
400.689	-3	
401.149	3	
401.609	0	
402.069	-3	
402.529	-1	
402.989	-1	
403.45	-9	
403.91	3	
404.37	-6	
404.831	-1	
405.291	0	
405.752	-2	
406.213	-3	
406.673	-8	
407.134	-3	
407.595	-1	
408.056	-2	
408.517	1	
408.978	2	
409.439	-2	
409.9	-4	
410.362	-1	
410.823	5	
411.284	2	
411.746	-5	
412.207	3	
412.669	0	
413.131	4	
413.593	-1	
414.054	6	
414.516	3	
414.978	3	
415.44	0	
415.902	9	
416.365	4	
416.827	8	
417.289	0	
417.752	6	
418.214	3	
418.677	6	
419.139	4	
419.602	7	
420.065	10	
420.527	11	
420.99	13	
421.453	12	
421.916	10	
422.379	13	
422.842	16	
423.306	16	
423.769	18	
424.232	9	
424.696	17	
425.159	21	
425.623	24	
426.086	27	
426.55	30	
427.014	26	
427.477	27	
427.941	32	
428.405	39	
428.869	32	
429.333	39	
429.797	40	
430.262	42	
430.726	46	
431.19	53	
431.655	50	
432.119	52	
432.584	62	
433.048	66	
433.513	72	
433.977	71	
434.442	80	
434.907	87	
435.372	88	
435.837	95	
436.302	98	
436.767	107	
437.232	118	
437.698	118	
438.163	123	
438.628	139	
439.094	144	
439.559	146	
440.025	147	
440.49	163	
440.956	178	
441.422	188	
441.888	190	
442.354	202	
442.819	213	
443.286	226	
443.752	235	
444.218	249	
444.684	260	
445.15	273	
445.617	288	
446.083	297	
446.549	308	
447.016	321	
447.482	327	
447.949	337	
448.416	340	
448.883	347	
449.349	348	
449.816	348	
450.283	359	
450.75	355	
451.217	356	
451.684	346	
452.152	349	
452.619	349	
453.086	346	
453.554	352	
454.021	342	
454.489	338	
454.956	343	
455.424	343	
455.892	331	
456.359	341	
456.827	341	
457.295	334	
457.763	333	
458.231	329	
458.699	324	
459.167	306	
459.635	297	
460.104	284	
460.572	277	
461.04	255	
461.509	246	
461.977	233	
462.446	222	
462.914	206	
463.383	199	
463.852	185	
464.32	175	
464.789	165	
465.258	158	
465.727	146	
466.196	140	
466.665	140	
467.134	131	
467.604	130	
468.073	127	
468.542	114	
469.012	120	
469.481	114	
469.95	112	
470.42	104	
470.89	107	
471.359	99	
471.829	102	
472.299	103	
472.769	98	
473.239	93	
473.709	93	
474.179	91	
474.649	80	
475.119	78	
475.589	72	
476.059	69	
476.529	69	
477	68	
477.47	67	
477.941	60	
478.411	52	
478.882	40	
479.353	55	
479.823	56	
480.294	42	
480.765	47	
481.236	42	
481.707	39	
482.178	42	
482.649	44	
483.12	41	
483.591	46	
484.062	38	
484.533	42	
485.005	37.5	
485.476	33	
485.948	44	
486.419	40	
486.891	40	
487.362	36	
487.834	40	
488.306	39	
488.777	42	
489.249	39	
489.721	37	
490.193	43	
490.665	34	
491.137	41	
491.609	38	
492.081	40	
492.554	37	
493.026	36	
493.498	44	
493.971	41	
494.443	39	
494.915	40	
495.388	45	
495.861	44	
496.333	47	
496.806	50	
497.279	50	
497.752	48	
498.224	49	
498.697	54	
499.17	51	
499.643	55	
500.116	53	
500.59	52	
501.063	61	
501.536	56	
502.009	66	
502.483	61	
502.956	70	
503.429	72	
503.903	68	
504.376	75	
504.85	74	
505.324	83	
505.797	78	
506.271	82	
506.745	79	
507.219	88	
507.693	84	
508.167	86	
508.641	94	
509.115	94	
509.589	96	
510.063	96	
510.537	104	
511.012	99	
511.486	103	
511.96	96	
512.435	104	
512.909	104	
513.384	99	
513.858	111	
514.333	110	
514.808	109	
515.283	107	
515.757	118	
516.232	117	
516.707	118	
517.182	114	
517.657	118	
518.132	123	
518.607	128	
519.082	129	
519.557	129	
520.033	129	
520.508	134	
520.983	134	
521.459	133	
521.934	131	
522.41	132	
522.885	135	
523.361	140	
523.836	134	
524.312	133	
524.788	141	
525.264	142	
525.739	135	
526.215	135	
526.691	141	
527.167	143	
527.643	138	
528.119	134	
528.595	141	
529.072	142	
529.548	140	
530.024	136	
530.5	138	
530.977	146	
531.453	142	
531.93	145	
532.406	146	
532.883	150	
533.359	146	
533.836	143	
534.313	150	
534.789	149	
535.266	151	
535.743	150	
536.22	150	
536.697	156	
537.174	153	
537.651	150	
538.128	153	
538.605	154	
539.082	154	
539.559	149	
540.037	151	
540.514	155	
540.991	156	
541.469	152	
541.946	150	
542.424	153	
542.901	152	
543.379	156	
543.856	150	
544.334	149	
544.812	150	
545.289	152	
545.767	146	
546.245	152	
546.723	146	
547.201	150	
547.679	150	
548.157	150	
548.635	144	
549.113	147	
549.591	147	
550.069	146	
550.548	149	
551.026	157	
551.504	154	
551.983	150	
552.461	154	
552.94	149	
553.418	148	
553.897	144	
554.375	150	
554.854	150	
555.333	154	
555.811	153	
556.29	151	
556.769	155	
557.248	141	
557.727	160	
558.206	157	
558.685	157	
559.164	157	
559.643	154	
560.122	158	
560.601	151	
561.08	154	
561.559	155	
562.039	155	
562.518	152	
562.997	149	
563.477	149	
563.956	140	
564.436	153	
564.915	157	
565.395	152	
565.875	146	
566.354	150	
566.834	155	
567.314	149	
567.793	147	
568.273	146	
568.753	141	
569.233	150	
569.713	141	
570.193	144	
570.673	150	
571.153	141	
571.633	152	
572.113	151	
572.594	147	
573.074	152	
573.554	144	
574.034	153	
574.515	151	
574.995	148	
575.476	151	
575.956	150	
576.437	154	
576.917	159	
577.398	150	
577.878	150	
578.359	149	
578.84	152	
579.32	158	
579.801	156	
580.282	154	
580.763	150	
581.244	151	
581.725	160	
582.206	150	
582.687	153	
583.168	154	
583.649	154	
584.13	150	
584.611	155	
585.093	138	
585.574	151	
586.055	149	
586.536	154	
587.018	156	
587.499	151	
587.981	147	
588.462	155	
588.944	153	
589.425	151	
589.907	145	
590.388	149	
590.87	143	
591.352	149	
591.834	151	
592.315	149	
592.797	150	
593.279	144	
593.761	146	
594.243	148	
594.725	150	
595.207	143	
595.689	147	
596.171	143	
596.653	148	
597.135	148	
597.617	148	
598.1	147	
598.582	148	
599.064	150	
599.546	149	
600.029	148	
600.511	147	
600.994	148	
601.476	146	
601.959	146	
602.441	148	
602.924	151	
603.406	154	
603.889	150	
604.372	146	
604.854	153	
605.337	152	
605.82	151	
606.303	150	
606.785	156	
607.268	154	
607.751	155	
608.234	158	
608.717	151	
609.2	151	
609.683	157	
610.166	153	
610.649	153	
611.133	155	
611.616	158	
612.099	160	
612.582	161	
613.066	161	
613.549	164	
614.032	163	
614.516	166	
614.999	165	
615.482	167	
615.966	172	
616.45	176	
616.933	180	
617.417	177	
617.9	181	
618.384	184	
618.868	195	
619.351	196	
619.835	201	
620.319	208	
620.803	204	
621.286	209	
621.77	215	
622.254	219	
622.738	232	
623.222	232	
623.706	238	
624.19	242	
624.674	251	
625.158	259	
625.642	260	
626.127	276	
626.611	280	
627.095	287	
627.579	292	
628.064	302	
628.548	313	
629.032	316	
629.517	334	
630.001	339	
630.485	358	
630.97	363	
631.454	380	
631.939	378	
632.423	401	
632.908	403	
633.393	421	
633.877	431	
634.362	442	
634.847	456	
635.331	467	
635.816	487	
636.301	497	
636.786	517	
637.271	524	
637.755	545	
638.24	561	
638.725	580	
639.21	598	
639.695	612	
640.18	625	
640.665	655	
641.15	675	
641.635	697	
642.121	724	
642.606	753	
643.091	778	
643.576	807	
644.061	847	
644.547	871	
645.032	911	
645.517	942	
646.003	983	
646.488	1028	
646.973	1071	
647.459	1109	
647.944	1151	
648.43	1201	
648.915	1257	
649.401	1305	
649.886	1352	
650.372	1384	
650.858	1473	
651.343	1528	
651.829	1559	
652.315	1621	
652.8	1683	
653.286	1743	
653.772	1810	
654.258	1849	
654.744	1917	
655.229	1982	
655.715	2025	
656.201	2079	
656.687	2135	
657.173	2180	
657.659	2229	
658.145	2283	
658.631	2323	
659.117	2322	
659.603	2342	
660.089	2333	
660.576	2327	
661.062	2320	
661.548	2288	
662.034	2228	
662.52	2158	
663.007	2091	
663.493	1998	
663.979	1910	
664.466	1799	
664.952	1697	
665.438	1571	
665.925	1484	
666.411	1376	
666.898	1246	
667.384	1158	
667.871	1067	
668.357	987	
668.844	903	
669.33	815	
669.817	743	
670.303	699	
670.79	634	
671.277	583	
671.763	531	
672.25	493	
672.737	457	
673.224	416	
673.71	385	
674.197	343	
674.684	327	
675.171	300	
675.658	280	
676.145	263	
676.632	248	
677.118	225	
677.605	214	
678.092	200	
678.579	181	
679.066	172	
679.554	161	
680.041	148	
680.528	137	
681.015	130	
681.502	121	
681.989	119	
682.476	110	
682.963	107	
683.451	97	
683.938	93	
684.425	90	
684.912	89	
685.4	82	
685.887	79	
686.374	80	
686.862	70	
687.349	71	
687.837	67	
688.324	68	
688.811	65	
689.299	59	
689.786	66	
690.274	57	
690.761	60	
691.249	50	
691.736	55	
692.224	56	
692.712	51	
693.199	53	
693.687	52	
694.175	56	
694.662	48	
695.15	56	
695.638	52	
696.125	50	
696.613	51	
697.101	48	
697.589	45	
698.076	44	
698.564	56	
699.052	49	
699.54	53	
700.028	54	
700.516	54	
701.004	58	
701.492	49	
701.98	52	
702.468	57	
702.956	62	
703.444	59	
703.932	66	
704.42	64	
704.908	63	
705.396	72	
705.884	65	
706.372	71	
706.86	64	
707.348	75	
707.836	77	
708.325	75	
708.813	81	
709.301	79	
709.789	79	
710.277	76	
710.766	88	
711.254	91	
711.742	88	
712.231	90	
712.719	89	
713.207	93	
713.696	98	
714.184	97	
714.672	104	
715.161	99	
715.649	106	
716.138	109	
716.626	111	
717.114	114	
717.603	115	
718.091	116	
718.58	123	
719.068	125	
719.557	120	
720.046	123	
720.534	136	
721.023	132	
721.511	130	
722	133	
722.488	135	
722.977	142	
723.466	142	
723.954	145	
724.443	144	
724.932	147	
725.421	147	
725.909	149	
726.398	157	
726.887	154	
727.375	160	
727.864	161	
728.353	168	
728.842	173	
729.331	171	
729.819	171	
730.308	180	
730.797	187	
731.286	191	
731.775	184	
732.264	192	
732.753	194	
733.242	198	
733.73	193	
734.219	204	
734.708	201	
735.197	208	
735.686	208	
736.175	205	
736.664	212	
737.153	217	
737.642	215	
738.131	211	
738.62	211	
739.109	211	
739.599	208	
740.088	205	
740.577	204	
741.066	202	
741.555	193	
742.044	182	
742.533	178	
743.022	168	
743.511	166	
744.001	160	
744.49	153	
744.979	139	
745.468	136	
745.957	126	
746.447	120	
746.936	112	
747.425	102	
747.914	92	
748.403	91	
748.893	82	
749.382	70	
749.871	65	
750.361	62	
750.85	58	
751.339	54	
751.829	44	
752.318	44	
752.807	38	
753.297	42	
753.786	32	
754.275	30	
754.765	30	
755.254	31	
755.743	22	
756.233	25	
756.722	29	
757.212	26	
757.701	17	
758.19	18	
758.68	11	
759.169	14	
759.659	14	
760.148	14	
760.638	13	
761.127	7	
761.617	5	
762.106	6	
762.596	8	
763.085	5	
763.575	5	
764.064	8	
764.554	7	
765.043	4	
765.533	4	
766.022	9	
766.512	10	
767.001	0	
767.491	5	
767.981	-5	
768.47	6	
768.96	3	
769.449	-3	
769.939	-1	
770.428	2	
770.918	5	
771.408	-1	
771.897	0	
772.387	0	
772.877	5	
773.366	-3	
773.856	1	
774.346	-2	
774.835	4	
775.325	7	
775.814	-3	
776.304	2	
776.794	3	
777.283	-1	
777.773	1	
778.263	-2	
778.753	0	
779.242	2	
779.732	1	
780.222	-2	
780.711	-2	
781.201	1	
781.691	-9	
782.18	2	
782.67	3	
783.16	0	
783.65	-2	
784.139	1	
784.629	1	
785.119	-2	
785.609	-3	
786.098	4	
786.588	-5	
787.078	-3	
787.568	6	
788.057	5	
788.547	-5	
789.037	-3	
789.527	1	
790.016	-2	
790.506	-1	
790.996	-3	
791.486	-3	
791.975	2	
792.465	-3	
792.955	-1	
793.445	2	
793.935	2	
794.424	0	
794.914	-1	
795.404	3	
795.894	2	
796.384	-3	
796.873	-1	
797.363	0	
797.853	7	
798.343	2	
798.833	0	
799.322	2	
799.812	3	
800.302	-1	
800.792	4	
801.282	-4	
801.771	-7	
802.261	6	
802.751	2	
803.241	-3	
803.731	-1	
804.22	0	
804.71	4	
805.2	2	
805.69	1	
806.18	2	
806.669	6	
807.159	2	
807.649	2	
808.139	-2	
808.629	-2	
809.118	1	
809.608	-3	
810.098	-4	
810.588	6	
811.077	3	
811.567	1	
812.057	-4	
812.547	-3	
813.037	2	
813.526	2	
814.016	-9	
814.506	-11	
814.996	4	
815.486	4	
815.975	-1	
816.465	-8	
816.955	0	
817.445	3	
817.934	0	
818.424	-4	
818.914	3	
819.404	1	
819.893	3	
820.383	-3	
820.873	3	
821.363	1	
821.852	-2	
822.342	-6	
822.832	6	
823.322	0	
823.811	-2	
824.301	0	
824.791	4	
825.281	1	
