S17176_1:101		
337.498	1	
337.947	-1	
338.397	0	
338.846	-4	
339.295	-3	
339.745	-3	
340.194	1	
340.644	-6	
341.094	-1	
341.544	-1	
341.994	-9	
342.444	4	
342.894	4	
343.344	2	
343.794	-5	
344.244	1	
344.695	-6	
345.145	-6	
345.596	-6	
346.046	2	
346.497	0	
346.948	-1	
347.399	2	
347.85	-2	
348.301	-2	
348.752	-2	
349.203	-2	
349.654	-3	
350.106	3	
350.557	-2	
351.009	-2	
351.46	2	
351.912	-2	
352.364	-7	
352.816	2	
353.267	2	
353.719	-3	
354.172	2	
354.624	1	
355.076	1	
355.528	7	
355.981	-2	
356.433	-5	
356.886	-7	
357.338	2	
357.791	-1	
358.244	-1	
358.697	-7	
359.15	1	
359.603	-2	
360.056	0	
360.509	0	
360.962	-3	
361.416	4	
361.869	-2	
362.323	4	
362.776	-5	
363.23	0	
363.684	-3	
364.138	4	
364.591	0	
365.045	0	
365.499	2	
365.954	3	
366.408	-5	
366.862	2	
367.316	0	
367.771	-1	
368.225	-1	
368.68	2	
369.135	2	
369.59	-2	
370.044	0	
370.499	0	
370.954	-2	
371.409	-5	
371.864	-2	
372.32	-1	
372.775	2	
373.23	-3	
373.686	0	
374.141	-1	
374.597	3	
375.053	-4	
375.508	2	
375.964	-3	
376.42	1	
376.876	-9	
377.332	0	
377.788	-4	
378.244	1	
378.701	4	
379.157	0	
379.614	4	
380.07	1	
380.527	-2	
380.983	1	
381.44	2	
381.897	0	
382.354	-5	
382.811	1	
383.268	1	
383.725	-2	
384.182	1	
384.639	2	
385.097	2	
385.554	0	
386.011	-5	
386.469	5	
386.927	3	
387.384	-1	
387.842	0	
388.3	1	
388.758	1	
389.216	-3	
389.674	-2	
390.132	-1	
390.59	1	
391.049	-2	
391.507	-2	
391.965	4	
392.424	-3	
392.882	-3	
393.341	-3	
393.8	-4	
394.259	3	
394.718	5	
395.176	4	
395.635	4	
396.095	5	
396.554	1	
397.013	-4	
397.472	1	
397.932	-7	
398.391	1	
398.851	0	
399.31	2	
399.77	-4	
400.23	1	
400.689	2	
401.149	3	
401.609	3	
402.069	0	
402.529	4	
402.989	0	
403.45	-4	
403.91	5	
404.37	-3	
404.831	5	
405.291	4	
405.752	2	
406.213	3	
406.673	-1	
407.134	1	
407.595	7	
408.056	0	
408.517	9	
408.978	8	
409.439	3	
409.9	4	
410.362	8	
410.823	7	
411.284	9	
411.746	3	
412.207	9	
412.669	9	
413.131	11	
413.593	6	
414.054	13	
414.516	15	
414.978	15	
415.44	9	
415.902	15	
416.365	18	
416.827	22	
417.289	13	
417.752	25	
418.214	26	
418.677	22	
419.139	24	
419.602	28	
420.065	35	
420.527	36	
420.99	34	
421.453	38	
421.916	43	
422.379	46	
422.842	52	
423.306	48	
423.769	59	
424.232	50	
424.696	66	
425.159	66	
425.623	77	
426.086	80	
426.55	84	
427.014	82	
427.477	90	
427.941	95	
428.405	105	
428.869	106	
429.333	120	
429.797	122	
430.262	125	
430.726	135	
431.19	146	
431.655	149	
432.119	158	
432.584	169	
433.048	184	
433.513	191	
433.977	205	
434.442	215	
434.907	239	
435.372	245	
435.837	267	
436.302	277	
436.767	289	
437.232	310	
437.698	321	
438.163	342	
438.628	359	
439.094	377	
439.559	396	
440.025	405	
440.49	433	
440.956	454	
441.422	475	
441.888	482	
442.354	498	
442.819	528	
443.286	540	
443.752	548	
444.218	575	
444.684	593	
445.15	609	
445.617	625	
446.083	639	
446.549	654	
447.016	670	
447.482	676	
447.949	688	
448.416	684	
448.883	692	
449.349	687	
449.816	696	
450.283	699	
450.75	688	
451.217	693	
451.684	680	
452.152	684	
452.619	690	
453.086	685	
453.554	694	
454.021	681	
454.489	686	
454.956	680	
455.424	685	
455.892	674	
456.359	680	
456.827	675	
457.295	668	
457.763	656	
458.231	649	
458.699	634	
459.167	599	
459.635	580	
460.104	562	
460.572	534	
461.04	491	
461.509	478	
461.977	453	
462.446	429	
462.914	391	
463.383	379	
463.852	355	
464.32	342	
464.789	319	
465.258	300	
465.727	286	
466.196	273	
466.665	268	
467.134	253	
467.604	248	
468.073	246	
468.542	224	
469.012	225	
469.481	223	
469.95	221	
470.42	212	
470.89	202	
471.359	199	
471.829	199	
472.299	202	
472.769	188	
473.239	186	
473.709	174	
474.179	171	
474.649	162	
475.119	156	
475.589	148	
476.059	136	
476.529	138	
477	133	
477.47	126	
477.941	115	
478.411	107	
478.882	96	
479.353	100	
479.823	98	
480.294	92	
480.765	94	
481.236	85	
481.707	84	
482.178	88	
482.649	87	
483.12	87	
483.591	85	
484.062	80	
484.533	81	
485.005	78	
485.476	75	
485.948	84	
486.419	81	
486.891	80	
487.362	83	
487.834	75	
488.306	85	
488.777	84	
489.249	82	
489.721	82	
490.193	86	
490.665	86	
491.137	89	
491.609	85	
492.081	83	
492.554	88	
493.026	86	
493.498	94	
493.971	90	
494.443	91	
494.915	96	
495.388	99	
495.861	102	
496.333	102.5	
496.806	103	
497.279	104	
497.752	109	
498.224	108	
498.697	110	
499.17	116	
499.643	121	
500.116	119	
500.59	118	
501.063	125	
501.536	133	
502.009	140	
502.483	140	
502.956	146	
503.429	154	
503.903	156	
504.376	162	
504.85	164	
505.324	167	
505.797	171	
506.271	178	
506.745	174	
507.219	176	
507.693	182	
508.167	192	
508.641	198	
509.115	196	
509.589	206	
510.063	210	
510.537	206	
511.012	212	
511.486	217	
511.96	216	
512.435	219	
512.909	229	
513.384	224	
513.858	229	
514.333	232	
514.808	232	
515.283	235	
515.757	243	
516.232	244	
516.707	248	
517.182	250	
517.657	256	
518.132	261	
518.607	268	
519.082	266	
519.557	272	
520.033	276	
520.508	275	
520.983	276	
521.459	277	
521.934	281	
522.41	278	
522.885	294	
523.361	283	
523.836	287	
524.312	283	
524.788	294	
525.264	291	
525.739	292	
526.215	283	
526.691	287	
527.167	292	
527.643	288	
528.119	287	
528.595	292	
529.072	284	
529.548	292	
530.024	288	
530.5	289	
530.977	296	
531.453	292	
531.93	294	
532.406	298	
532.883	307	
533.359	300	
533.836	302	
534.313	307	
534.789	304	
535.266	313	
535.743	314	
536.22	313	
536.697	313	
537.174	323	
537.651	313	
538.128	319	
538.605	314	
539.082	319	
539.559	319	
540.037	320	
540.514	321	
540.991	321	
541.469	315	
541.946	312	
542.424	317	
542.901	311	
543.379	312	
543.856	308	
544.334	306	
544.812	309	
545.289	306	
545.767	301	
546.245	311	
546.723	306	
547.201	304	
547.679	308	
548.157	302	
548.635	308	
549.113	303	
549.591	308	
550.069	301	
550.548	307	
551.026	303	
551.504	310	
551.983	306	
552.461	311	
552.94	307	
553.418	308	
553.897	305	
554.375	314	
554.854	311	
555.333	321	
555.811	312	
556.29	316	
556.769	323	
557.248	307	
557.727	325	
558.206	318	
558.685	322	
559.164	324	
559.643	313	
560.122	317	
560.601	311	
561.08	315	
561.559	320	
562.039	312	
562.518	311	
562.997	310	
563.477	312	
563.956	305	
564.436	301	
564.915	310	
565.395	307	
565.875	307	
566.354	307	
566.834	304	
567.314	298	
567.793	302	
568.273	300	
568.753	297	
569.233	298	
569.713	288	
570.193	301	
570.673	299	
571.153	298	
571.633	297	
572.113	296	
572.594	305	
573.074	305	
573.554	293	
574.034	304	
574.515	308	
574.995	304	
575.476	305	
575.956	305	
576.437	306	
576.917	311	
577.398	301	
577.878	315	
578.359	310	
578.84	307	
579.32	314	
579.801	314	
580.282	314	
580.763	314	
581.244	309	
581.725	317	
582.206	316	
582.687	313	
583.168	309	
583.649	306	
584.13	309	
584.611	309	
585.093	291	
585.574	304	
586.055	307	
586.536	305	
587.018	303	
587.499	300	
587.981	292	
588.462	300	
588.944	298	
589.425	296	
589.907	293	
590.388	295	
590.87	287	
591.352	290	
591.834	289	
592.315	286	
592.797	290	
593.279	284	
593.761	291	
594.243	282	
594.725	283	
595.207	281	
595.689	288	
596.171	283	
596.653	283	
597.135	285	
597.617	276	
598.1	279	
598.582	280	
599.064	277	
599.546	280	
600.029	272	
600.511	275	
600.994	273	
601.476	273	
601.959	274	
602.441	270	
602.924	271	
603.406	272	
603.889	268	
604.372	260	
604.854	265	
605.337	269	
605.82	261	
606.303	262	
606.785	258	
607.268	256	
607.751	254	
608.234	256	
608.717	250	
609.2	249	
609.683	249	
610.166	245	
610.649	245	
611.133	245	
611.616	241	
612.099	237	
612.582	243	
613.066	232	
613.549	231	
614.032	230	
614.516	230	
614.999	226	
615.482	228	
615.966	225	
616.45	225	
616.933	226	
617.417	223	
617.9	223	
618.384	220	
618.868	218	
619.351	225	
619.835	222	
620.319	219	
620.803	213	
621.286	220	
621.77	217	
622.254	216	
622.738	218	
623.222	220	
623.706	219	
624.19	213	
624.674	215	
625.158	212	
625.642	210	
626.127	219	
626.611	207	
627.095	211	
627.579	211	
628.064	210	
628.548	208	
629.032	197	
629.517	208	
630.001	203	
630.485	212	
630.97	207	
631.454	208	
631.939	206	
632.423	205	
632.908	204	
633.393	200	
633.877	203	
634.362	194	
634.847	198	
635.331	199	
635.816	208	
636.301	200	
636.786	202	
637.271	197	
637.755	204	
638.24	195	
638.725	200	
639.21	197	
639.695	200	
640.18	202	
640.665	209	
641.15	204	
641.635	206	
642.121	202	
642.606	211	
643.091	215	
643.576	216	
644.061	222	
644.547	223	
645.032	229	
645.517	233	
646.003	238	
646.488	241	
646.973	247	
647.459	251	
647.944	259	
648.43	265	
648.915	271	
649.401	277	
649.886	281	
650.372	286	
650.858	296	
651.343	309	
651.829	302	
652.315	310	
652.8	321	
653.286	333	
653.772	339	
654.258	352	
654.744	359	
655.229	358	
655.715	364	
656.201	381	
656.687	382	
657.173	381	
657.659	390	
658.145	390	
658.631	387	
659.117	377	
659.603	368	
660.089	358	
660.576	344	
661.062	331	
661.548	314	
662.034	292	
662.52	276	
663.007	258	
663.493	237	
663.979	224	
664.466	210	
664.952	196	
665.438	184	
665.925	169	
666.411	162	
666.898	148	
667.384	140	
667.871	133	
668.357	130	
668.844	124	
669.33	114	
669.817	107	
670.303	111	
670.79	105	
671.277	103	
671.763	98	
672.25	94	
672.737	92	
673.224	90	
673.71	86	
674.197	70	
674.684	79	
675.171	79	
675.658	75	
676.145	74	
676.632	78	
677.118	75	
677.605	75	
678.092	78	
678.579	68	
679.066	72	
679.554	66	
680.041	67	
680.528	64	
681.015	68	
681.502	73	
681.989	70	
682.476	70	
682.963	70	
683.451	71	
683.938	71	
684.425	68	
684.912	72	
685.4	66	
685.887	67	
686.374	70	
686.862	70	
687.349	69	
687.837	68	
688.324	70	
688.811	70	
689.299	72	
689.786	78	
690.274	69	
690.761	72	
691.249	71	
691.736	77	
692.224	76	
692.712	76	
693.199	78	
693.687	82	
694.175	80	
694.662	83	
695.15	86	
695.638	84	
696.125	81	
696.613	84	
697.101	88	
697.589	92	
698.076	82	
698.564	100	
699.052	98	
699.54	102	
700.028	104	
700.516	106	
701.004	109	
701.492	100	
701.98	110	
702.468	114.5	
702.956	119	
703.444	123	
703.932	127	
704.42	129	
704.908	127	
705.396	138	
705.884	133	
706.372	144	
706.86	143	
707.348	152	
707.836	155	
708.325	156	
708.813	164	
709.301	170	
709.789	163	
710.277	167	
710.766	184	
711.254	183	
711.742	191	
712.231	192	
712.719	191	
713.207	198	
713.696	204	
714.184	208	
714.672	218	
715.161	214	
715.649	225	
716.138	226	
716.626	235	
717.114	238	
717.603	243	
718.091	248	
718.58	256	
719.068	253	
719.557	256	
720.046	260	
720.534	271	
721.023	269	
721.511	276	
722	283	
722.488	285	
722.977	292	
723.466	291	
723.954	296	
724.443	300	
724.932	304	
725.421	303	
725.909	313	
726.398	316	
726.887	318	
727.375	326	
727.864	329	
728.353	340	
728.842	337	
729.331	344	
729.819	346	
730.308	350	
730.797	360	
731.286	360	
731.775	361	
732.264	374	
732.753	369	
733.242	373	
733.73	374	
734.219	382	
734.708	388	
735.197	392	
735.686	388	
736.175	394	
736.664	393	
737.153	396	
737.642	394	
738.131	396	
738.62	396	
739.109	401	
739.599	397	
740.088	389	
740.577	393	
741.066	384	
741.555	379	
742.044	374	
742.533	359	
743.022	353	
743.511	342	
744.001	330	
744.49	325	
744.979	312	
745.468	299	
745.957	288	
746.447	269	
746.936	263	
747.425	256	
747.914	232	
748.403	224	
748.893	207	
749.382	190	
749.871	178	
750.361	163	
750.85	158	
751.339	145	
751.829	133	
752.318	126	
752.807	111	
753.297	108	
753.786	99	
754.275	91	
754.765	90	
755.254	79	
755.743	77	
756.233	68	
756.722	65	
757.212	62	
757.701	56	
758.19	50	
758.68	42	
759.169	40	
759.659	39	
760.148	43	
760.638	36	
761.127	35	
761.617	25	
762.106	26	
762.596	26	
763.085	20	
763.575	23	
764.064	23	
764.554	21	
765.043	23	
765.533	15	
766.022	21	
766.512	19	
767.001	8	
767.491	10	
767.981	7	
768.47	16	
768.96	11	
769.449	9	
769.939	10	
770.428	8	
770.918	4	
771.408	6	
771.897	8	
772.387	5	
772.877	7	
773.366	3	
773.856	8	
774.346	1	
774.835	8	
775.325	6	
775.814	0	
776.304	7	
776.794	6	
777.283	3	
777.773	5	
778.263	5	
778.753	1	
779.242	5	
779.732	2	
780.222	4	
780.711	2	
781.201	1	
781.691	-8	
782.18	7	
782.67	2	
783.16	1	
783.65	4	
784.139	6	
784.629	7	
785.119	1	
785.609	-4	
786.098	8	
786.588	-5	
787.078	2	
787.568	6	
788.057	6	
788.547	-1	
789.037	-1	
789.527	-1	
790.016	4	
790.506	6	
790.996	-4	
791.486	3	
791.975	4	
792.465	4	
792.955	1	
793.445	4	
793.935	7	
794.424	3	
794.914	4	
795.404	5	
795.894	3	
796.384	4	
796.873	5	
797.363	3	
797.853	1	
798.343	1	
798.833	0	
799.322	2	
799.812	2	
800.302	-1	
800.792	4	
801.282	1	
801.771	-2	
802.261	2	
802.751	2	
803.241	3	
803.731	5	
804.22	5	
804.71	5	
805.2	4	
805.69	5	
806.18	2	
806.669	4	
807.159	3	
807.649	-2	
808.139	0	
808.629	4	
809.118	2	
809.608	5	
810.098	1	
810.588	4	
811.077	4	
811.567	0	
812.057	-1	
812.547	3	
813.037	6	
813.526	2	
814.016	0	
814.506	-8	
814.996	5	
815.486	3	
815.975	-3	
816.465	-1	
816.955	1	
817.445	5	
817.934	1	
818.424	-3	
818.914	4	
819.404	-1	
819.893	1	
820.383	-4	
820.873	4	
821.363	3	
821.852	2	
822.342	0	
822.832	9	
823.322	-1	
823.811	5	
824.301	-3	
824.791	4	
825.281	3	
