S17176_1:101		
337.498	1	
337.947	-1	
338.397	3	
338.846	-4	
339.295	0	
339.745	-2	
340.194	-2	
340.644	-1	
341.094	-3	
341.544	-5	
341.994	-1	
342.444	2	
342.894	-1	
343.344	0	
343.794	-5	
344.244	3	
344.695	-3	
345.145	-7	
345.596	-2	
346.046	1	
346.497	-1	
346.948	2	
347.399	2	
347.85	0	
348.301	-2	
348.752	4	
349.203	-3	
349.654	-1	
350.106	3	
350.557	-2	
351.009	1	
351.46	-1	
351.912	-4	
352.364	-4	
352.816	1	
353.267	-1	
353.719	2	
354.172	-3	
354.624	0	
355.076	-1	
355.528	1	
355.981	-1	
356.433	-2	
356.886	-4	
357.338	2	
357.791	-2	
358.244	2	
358.697	-6	
359.15	2	
359.603	0	
360.056	1	
360.509	1	
360.962	-6	
361.416	8	
361.869	-1	
362.323	1	
362.776	-6	
363.23	-4	
363.684	-7	
364.138	2	
364.591	-2	
365.045	-5	
365.499	0	
365.954	5	
366.408	-3	
366.862	1	
367.316	-2	
367.771	2	
368.225	0	
368.68	0	
369.135	2	
369.59	0	
370.044	0	
370.499	-1	
370.954	-2	
371.409	-4	
371.864	0	
372.32	-2	
372.775	-3	
373.23	-3	
373.686	3	
374.141	-2	
374.597	1	
375.053	3	
375.508	3	
375.964	0	
376.42	-3	
376.876	-7	
377.332	-1	
377.788	-2	
378.244	-1	
378.701	0	
379.157	-1	
379.614	1	
380.07	-1	
380.527	0	
380.983	1	
381.44	1	
381.897	-3	
382.354	-3	
382.811	1	
383.268	2	
383.725	-3	
384.182	1	
384.639	3	
385.097	1	
385.554	1	
386.011	-3	
386.469	-1	
386.927	0	
387.384	2	
387.842	3	
388.3	2	
388.758	-1	
389.216	-2	
389.674	2	
390.132	3	
390.59	5	
391.049	-2	
391.507	-2	
391.965	-1	
392.424	3	
392.882	-1	
393.341	-2	
393.8	-2	
394.259	-4	
394.718	3	
395.176	-1	
395.635	0	
396.095	2	
396.554	-3	
397.013	-3	
397.472	-4	
397.932	1	
398.391	1	
398.851	-2	
399.31	2	
399.77	-5	
400.23	2	
400.689	1	
401.149	-1	
401.609	3	
402.069	3	
402.529	0	
402.989	-1	
403.45	0	
403.91	4	
404.37	-4	
404.831	1	
405.291	-2	
405.752	2	
406.213	-2	
406.673	-4	
407.134	6	
407.595	6	
408.056	-4	
408.517	5	
408.978	9	
409.439	4	
409.9	0	
410.362	3	
410.823	7	
411.284	4	
411.746	-3	
412.207	8	
412.669	2	
413.131	7	
413.593	1	
414.054	7	
414.516	8	
414.978	7	
415.44	5	
415.902	10	
416.365	8	
416.827	12	
417.289	11	
417.752	15	
418.214	13	
418.677	18	
419.139	15	
419.602	17	
420.065	17	
420.527	25	
420.99	21	
421.453	23	
421.916	27	
422.379	35	
422.842	34	
423.306	32	
423.769	41	
424.232	31	
424.696	47	
425.159	45	
425.623	54	
426.086	56	
426.55	62	
427.014	63	
427.477	64	
427.941	73	
428.405	81	
428.869	81	
429.333	89	
429.797	98	
430.262	99	
430.726	113	
431.19	120	
431.655	130	
432.119	143	
432.584	155	
433.048	167	
433.513	176	
433.977	193	
434.442	211	
434.907	227	
435.372	242	
435.837	265	
436.302	281	
436.767	304	
437.232	324	
437.698	340	
438.163	366	
438.628	391	
439.094	414	
439.559	443	
440.025	456	
440.49	491	
440.956	532	
441.422	561	
441.888	588	
442.354	628	
442.819	673	
443.286	716	
443.752	749	
444.218	808	
444.684	857	
445.15	918	
445.617	993	
446.083	1049	
446.549	1116	
447.016	1188	
447.482	1242	
447.949	1319	
448.416	1375	
448.883	1444	
449.349	1493	
449.816	1544	
450.283	1611	
450.75	1632	
451.217	1683	
451.684	1694	
452.152	1716	
452.619	1750	
453.086	1752	
453.554	1781	
454.021	1749	
454.489	1758	
454.956	1740	
455.424	1747	
455.892	1699	
456.359	1701	
456.827	1672	
457.295	1636	
457.763	1585	
458.231	1562	
458.699	1504	
459.167	1410	
459.635	1353	
460.104	1299	
460.572	1241	
461.04	1140	
461.509	1092	
461.977	1022	
462.446	965	
462.914	891	
463.383	854	
463.852	820	
464.32	789	
464.789	737	
465.258	711	
465.727	678	
466.196	646	
466.665	634	
467.134	612	
467.604	601	
468.073	575	
468.542	555	
469.012	542	
469.481	538	
469.95	517	
470.42	506	
470.89	489	
471.359	467	
471.829	453	
472.299	446	
472.769	424	
473.239	413	
473.709	388	
474.179	372	
474.649	345	
475.119	329	
475.589	312	
476.059	290	
476.529	276	
477	267	
477.47	246	
477.941	232	
478.411	213	
478.882	197	
479.353	198	
479.823	190	
480.294	183	
480.765	173	
481.236	165	
481.707	158	
482.178	159	
482.649	147	
483.12	146	
483.591	147	
484.062	142	
484.533	134	
485.005	130.5	
485.476	127	
485.948	126	
486.419	127	
486.891	121	
487.362	118	
487.834	116	
488.306	114	
488.777	110	
489.249	100	
489.721	103	
490.193	104	
490.665	93	
491.137	98	
491.609	92	
492.081	81	
492.554	83	
493.026	81	
493.498	83	
493.971	82	
494.443	72	
494.915	73	
495.388	75	
495.861	74	
496.333	74	
496.806	74	
497.279	70	
497.752	71	
498.224	73	
498.697	71	
499.17	70	
499.643	70	
500.116	67	
500.59	68	
501.063	73	
501.536	74	
502.009	75	
502.483	70	
502.956	78	
503.429	78	
503.903	73	
504.376	77	
504.85	81	
505.324	86	
505.797	81	
506.271	83	
506.745	84	
507.219	82	
507.693	82	
508.167	84	
508.641	86	
509.115	93	
509.589	90	
510.063	91	
510.537	92	
511.012	93	
511.486	94	
511.96	93	
512.435	93	
512.909	96	
513.384	89	
513.858	98	
514.333	98	
514.808	96	
515.283	99	
515.757	103	
516.232	98	
516.707	105	
517.182	102	
517.657	102	
518.132	106	
518.607	113	
519.082	114	
519.557	108	
520.033	110	
520.508	113	
520.983	114	
521.459	118	
521.934	113	
522.41	113	
522.885	116	
523.361	119	
523.836	118	
524.312	120	
524.788	120	
525.264	116	
525.739	118	
526.215	118	
526.691	119	
527.167	118	
527.643	112	
528.119	113	
528.595	115	
529.072	118	
529.548	121	
530.024	117	
530.5	118	
530.977	120	
531.453	117	
531.93	120	
532.406	121	
532.883	128	
533.359	123	
533.836	120	
534.313	127	
534.789	123	
535.266	126	
535.743	124	
536.22	126	
536.697	127	
537.174	130	
537.651	128	
538.128	131	
538.605	124	
539.082	127	
539.559	127	
540.037	125	
540.514	126	
540.991	131	
541.469	129	
541.946	129	
542.424	123	
542.901	124	
543.379	126	
543.856	127	
544.334	124	
544.812	126	
545.289	125	
545.767	126	
546.245	124	
546.723	121	
547.201	123	
547.679	125	
548.157	123	
548.635	124	
549.113	124	
549.591	121	
550.069	119	
550.548	126	
551.026	123	
551.504	128	
551.983	124	
552.461	122	
552.94	125	
553.418	126	
553.897	121	
554.375	124	
554.854	123	
555.333	126	
555.811	125	
556.29	129	
556.769	129	
557.248	120	
557.727	129	
558.206	128	
558.685	128	
559.164	128	
559.643	122	
560.122	126	
560.601	121	
561.08	131	
561.559	131	
562.039	127	
562.518	120	
562.997	124	
563.477	128	
563.956	120	
564.436	123	
564.915	125	
565.395	122	
565.875	121	
566.354	117	
566.834	125	
567.314	120	
567.793	115	
568.273	118	
568.753	117	
569.233	123	
569.713	117	
570.193	118	
570.673	123	
571.153	116	
571.633	117	
572.113	115	
572.594	120	
573.074	119	
573.554	115	
574.034	118	
574.515	125	
574.995	122	
575.476	123	
575.956	118	
576.437	120	
576.917	126	
577.398	120	
577.878	125	
578.359	125	
578.84	125	
579.32	127	
579.801	126	
580.282	124	
580.763	125	
581.244	121	
581.725	124	
582.206	126	
582.687	123	
583.168	125	
583.649	121	
584.13	119	
584.611	128	
585.093	114	
585.574	117	
586.055	118	
586.536	125	
587.018	122	
587.499	119	
587.981	118	
588.462	118	
588.944	120	
589.425	114	
589.907	111	
590.388	121	
590.87	112	
591.352	114	
591.834	115	
592.315	111	
592.797	118	
593.279	111	
593.761	113	
594.243	112	
594.725	115	
595.207	113	
595.689	109	
596.171	111	
596.653	117	
597.135	109	
597.617	105	
598.1	112	
598.582	110	
599.064	112	
599.546	110	
600.029	107	
600.511	109	
600.994	111	
601.476	107	
601.959	105	
602.441	105	
602.924	104.5	
603.406	104	
603.889	103	
604.372	104	
604.854	104	
605.337	106	
605.82	105	
606.303	101	
606.785	104	
607.268	99	
607.751	98	
608.234	99	
608.717	95	
609.2	96	
609.683	95	
610.166	95	
610.649	95	
611.133	97	
611.616	94	
612.099	96	
612.582	91	
613.066	89	
613.549	93	
614.032	90	
614.516	92	
614.999	90	
615.482	84	
615.966	85	
616.45	85	
616.933	90	
617.417	92	
617.9	80	
618.384	84	
618.868	89	
619.351	90	
619.835	86	
620.319	83	
620.803	81	
621.286	83	
621.77	80	
622.254	79	
622.738	83	
623.222	83	
623.706	87	
624.19	77	
624.674	80	
625.158	77	
625.642	80	
626.127	83	
626.611	78	
627.095	81	
627.579	79	
628.064	77	
628.548	79	
629.032	77	
629.517	80	
630.001	76	
630.485	80	
630.97	75	
631.454	79	
631.939	72	
632.423	73	
632.908	74	
633.393	79	
633.877	75	
634.362	74	
634.847	71	
635.331	74	
635.816	78	
636.301	74	
636.786	75	
637.271	70	
637.755	74	
638.24	70	
638.725	79	
639.21	72	
639.695	74	
640.18	70	
640.665	75	
641.15	76	
641.635	73	
642.121	74	
642.606	76	
643.091	79	
643.576	77	
644.061	80	
644.547	78	
645.032	80	
645.517	85	
646.003	85	
646.488	86	
646.973	85	
647.459	90	
647.944	88	
648.43	96	
648.915	96	
649.401	98	
649.886	97	
650.372	100	
650.858	102	
651.343	104	
651.829	106	
652.315	110	
652.8	115	
653.286	114	
653.772	121	
654.258	122	
654.744	122	
655.229	126	
655.715	124	
656.201	124	
656.687	129	
657.173	127	
657.659	133	
658.145	130	
658.631	119	
659.117	119	
659.603	112	
660.089	112	
660.576	99	
661.062	94	
661.548	93	
662.034	84	
662.52	81	
663.007	74	
663.493	68	
663.979	62	
664.466	66	
664.952	51	
665.438	52	
665.925	53	
666.411	48	
666.898	44	
667.384	42	
667.871	45	
668.357	39	
668.844	39	
669.33	35	
669.817	29	
670.303	37	
670.79	33	
671.277	35	
671.763	26	
672.25	34	
672.737	29	
673.224	29	
673.71	27	
674.197	23	
674.684	29	
675.171	29	
675.658	22	
676.145	28	
676.632	26	
677.118	25	
677.605	22	
678.092	29	
678.579	30	
679.066	24	
679.554	22	
680.041	22	
680.528	20	
681.015	25	
681.502	26	
681.989	24	
682.476	23	
682.963	27	
683.451	26	
683.938	23	
684.425	21	
684.912	25	
685.4	25	
685.887	23	
686.374	25	
686.862	22	
687.349	23	
687.837	24	
688.324	21	
688.811	25	
689.299	28	
689.786	28	
690.274	21	
690.761	29	
691.249	22	
691.736	30	
692.224	30	
692.712	28	
693.199	30	
693.687	27	
694.175	30	
694.662	28	
695.15	32	
695.638	19	
696.125	26	
696.613	29	
697.101	28	
697.589	30	
698.076	23	
698.564	37	
699.052	34	
699.54	35	
700.028	33	
700.516	37	
701.004	38	
701.492	36	
701.98	36	
702.468	41	
702.956	46	
703.444	45	
703.932	49	
704.42	44	
704.908	48	
705.396	52	
705.884	49	
706.372	51	
706.86	50	
707.348	55	
707.836	57	
708.325	60	
708.813	63	
709.301	66	
709.789	64	
710.277	63	
710.766	70	
711.254	71	
711.742	72	
712.231	75	
712.719	71	
713.207	70	
713.696	74	
714.184	79	
714.672	81	
715.161	76	
715.649	83	
716.138	87	
716.626	88	
717.114	91	
717.603	87	
718.091	94	
718.58	97	
719.068	97	
719.557	99	
720.046	97	
720.534	109	
721.023	103	
721.511	110	
722	107	
722.488	109	
722.977	119	
723.466	113	
723.954	121	
724.443	121	
724.932	124	
725.421	119	
725.909	128	
726.398	130	
726.887	131	
727.375	132	
727.864	135	
728.353	141	
728.842	145	
729.331	148	
729.819	148	
730.308	154	
730.797	156	
731.286	160	
731.775	157	
732.264	165	
732.753	163	
733.242	166	
733.73	168	
734.219	177	
734.708	170	
735.197	176	
735.686	173	
736.175	181	
736.664	180	
737.153	177	
737.642	178	
738.131	178	
738.62	176	
739.109	177	
739.599	172	
740.088	172	
740.577	167	
741.066	162	
741.555	155	
742.044	148	
742.533	140	
743.022	130	
743.511	129	
744.001	117	
744.49	111	
744.979	104	
745.468	99	
745.957	94	
746.447	85	
746.936	84	
747.425	76	
747.914	69	
748.403	65	
748.893	53	
749.382	49	
749.871	46	
750.361	46	
750.85	43	
751.339	36	
751.829	31	
752.318	31	
752.807	23	
753.297	26	
753.786	19	
754.275	21	
754.765	15	
755.254	20	
755.743	15	
756.233	13	
756.722	15	
757.212	9	
757.701	10	
758.19	14	
758.68	8	
759.169	2	
759.659	10	
760.148	12	
760.638	3	
761.127	6	
761.617	4	
762.106	3	
762.596	2	
763.085	3	
763.575	3	
764.064	8	
764.554	4	
765.043	2	
765.533	-1	
766.022	-1	
766.512	3	
767.001	-1	
767.491	1	
767.981	-6	
768.47	0	
768.96	5	
769.449	-3	
769.939	-3	
770.428	0	
770.918	2	
771.408	0	
771.897	0	
772.387	-4	
772.877	-1	
773.366	-3	
773.856	1	
774.346	-1	
774.835	0	
775.325	3	
775.814	-2	
776.304	5	
776.794	-3	
777.283	0	
777.773	1	
778.263	-3	
778.753	2	
779.242	-5	
779.732	-2	
780.222	4	
780.711	-2	
781.201	-3	
781.691	-6	
782.18	1	
782.67	1	
783.16	1	
783.65	-2	
784.139	-2	
784.629	1	
785.119	0	
785.609	-6	
786.098	-4	
786.588	-5	
787.078	-3	
787.568	-1	
788.057	0	
788.547	-5	
789.037	1	
789.527	-7	
790.016	0	
790.506	0	
790.996	-2	
791.486	-3	
791.975	-1	
792.465	-1	
792.955	0	
793.445	0	
793.935	0	
794.424	-2	
794.914	-2	
795.404	-1	
795.894	-3	
796.384	-2	
796.873	1	
797.363	0	
797.853	1	
798.343	0	
798.833	0	
799.322	-1	
799.812	-1	
800.302	-2	
800.792	-2	
801.282	2	
801.771	-4	
802.261	-3	
802.751	-4	
803.241	-8	
803.731	-2	
804.22	2	
804.71	-1	
805.2	1	
805.69	-1	
806.18	0	
806.669	1	
807.159	0	
807.649	-2	
808.139	-3	
808.629	0	
809.118	0	
809.608	-3	
810.098	-3	
810.588	1	
811.077	3	
811.567	-4	
812.057	-4	
812.547	4	
813.037	6	
813.526	0	
814.016	-4	
814.506	-5	
814.996	0	
815.486	-5	
815.975	0	
816.465	-3	
816.955	-1	
817.445	3	
817.934	1	
818.424	2	
818.914	-6	
819.404	-4	
819.893	-3	
820.383	2	
820.873	0	
821.363	-3	
821.852	-1	
822.342	-2	
822.832	2	
823.322	-2	
823.811	-4	
824.301	-3	
824.791	0	
825.281	-4	
