S17176_1:101		
337.498	3	
337.947	0	
338.397	4	
338.846	-5	
339.295	-3	
339.745	4	
340.194	0	
340.644	-3	
341.094	0	
341.544	2	
341.994	-5	
342.444	1	
342.894	0	
343.344	0	
343.794	-3	
344.244	0	
344.695	-4	
345.145	-8	
345.596	-1	
346.046	1	
346.497	1	
346.948	3	
347.399	1	
347.85	-1	
348.301	-2	
348.752	2	
349.203	0	
349.654	-1	
350.106	-3	
350.557	-6	
351.009	0	
351.46	3	
351.912	-1	
352.364	-5	
352.816	5	
353.267	0	
353.719	-4	
354.172	4	
354.624	-1	
355.076	-4	
355.528	5	
355.981	-2	
356.433	-2	
356.886	-7	
357.338	-1	
357.791	-2	
358.244	2	
358.697	-4	
359.15	1	
359.603	-4	
360.056	-3	
360.509	3	
360.962	0	
361.416	4	
361.869	1	
362.323	5	
362.776	-4	
363.23	-3	
363.684	-4	
364.138	-2	
364.591	-2	
365.045	2	
365.499	-1	
365.954	5	
366.408	-6	
366.862	2	
367.316	3	
367.771	-3	
368.225	2	
368.68	1	
369.135	5	
369.59	-1	
370.044	-1	
370.499	1	
370.954	3	
371.409	-3	
371.864	1	
372.32	3	
372.775	6	
373.23	0	
373.686	-2	
374.141	2	
374.597	4	
375.053	-2	
375.508	6	
375.964	-4	
376.42	0	
376.876	-11	
377.332	0	
377.788	-2	
378.244	0	
378.701	5	
379.157	3	
379.614	3	
380.07	3	
380.527	2	
380.983	1	
381.44	2	
381.897	0	
382.354	3	
382.811	0	
383.268	6	
383.725	-2	
384.182	0	
384.639	3	
385.097	3	
385.554	-1	
386.011	-6	
386.469	2	
386.927	5	
387.384	1	
387.842	3	
388.3	2	
388.758	-4	
389.216	1	
389.674	0	
390.132	2	
390.59	6	
391.049	0	
391.507	-1	
391.965	5	
392.424	0	
392.882	3	
393.341	-2	
393.8	-2	
394.259	-1	
394.718	5	
395.176	0	
395.635	0	
396.095	2	
396.554	4	
397.013	-2	
397.472	-2	
397.932	-3	
398.391	-3	
398.851	2	
399.31	0	
399.77	-8	
400.23	-1	
400.689	3	
401.149	0	
401.609	0	
402.069	1	
402.529	4	
402.989	1	
403.45	-6	
403.91	4	
404.37	-1	
404.831	6	
405.291	1	
405.752	1	
406.213	0	
406.673	-3	
407.134	2	
407.595	6	
408.056	7	
408.517	8	
408.978	9	
409.439	1	
409.9	5	
410.362	1	
410.823	10	
411.284	3	
411.746	-2	
412.207	11	
412.669	6	
413.131	10	
413.593	10	
414.054	10	
414.516	12	
414.978	15	
415.44	19	
415.902	17	
416.365	14	
416.827	23	
417.289	20	
417.752	22	
418.214	22	
418.677	23	
419.139	25	
419.602	26	
420.065	29	
420.527	35	
420.99	38	
421.453	38	
421.916	43	
422.379	47	
422.842	54	
423.306	52	
423.769	57	
424.232	48	
424.696	62	
425.159	64	
425.623	75	
426.086	80	
426.55	81	
427.014	83	
427.477	87	
427.941	95	
428.405	101	
428.869	106	
429.333	110	
429.797	118	
430.262	119	
430.726	136	
431.19	140	
431.655	152	
432.119	153	
432.584	169	
433.048	177	
433.513	186	
433.977	201	
434.442	211	
434.907	234	
435.372	238	
435.837	259	
436.302	269	
436.767	288	
437.232	297	
437.698	316	
438.163	336	
438.628	356	
439.094	368	
439.559	385	
440.025	392	
440.49	420	
440.956	439	
441.422	459	
441.888	473	
442.354	491	
442.819	521	
443.286	535	
443.752	544	
444.218	579	
444.684	597	
445.15	612	
445.617	635	
446.083	652	
446.549	670	
447.016	687	
447.482	691	
447.949	704	
448.416	706	
448.883	721	
449.349	715	
449.816	721	
450.283	724	
450.75	713	
451.217	717	
451.684	703	
452.152	702	
452.619	706	
453.086	703	
453.554	711	
454.021	694	
454.489	696	
454.956	690	
455.424	701	
455.892	684	
456.359	691	
456.827	686	
457.295	684	
457.763	671	
458.231	664	
458.699	654	
459.167	622	
459.635	602	
460.104	581	
460.572	558	
461.04	518	
461.509	489	
461.977	469	
462.446	439	
462.914	409	
463.383	392	
463.852	367	
464.32	352	
464.789	333	
465.258	312	
465.727	297	
466.196	281	
466.665	280	
467.134	265	
467.604	252	
468.073	252	
468.542	240	
469.012	234	
469.481	233	
469.95	227	
470.42	217	
470.89	213	
471.359	203	
471.829	205	
472.299	209	
472.769	202	
473.239	192	
473.709	184	
474.179	178	
474.649	165	
475.119	159	
475.589	159	
476.059	148	
476.529	139	
477	136	
477.47	128	
477.941	127	
478.411	112	
478.882	97	
479.353	104	
479.823	103	
480.294	94	
480.765	97	
481.236	97	
481.707	88	
482.178	91	
482.649	88	
483.12	91	
483.591	91	
484.062	87	
484.533	85	
485.005	84.5	
485.476	84	
485.948	86	
486.419	85	
486.891	88	
487.362	84	
487.834	86	
488.306	88	
488.777	89	
489.249	87	
489.721	85	
490.193	85	
490.665	86	
491.137	93	
491.609	92	
492.081	86	
492.554	91	
493.026	93	
493.498	95	
493.971	93	
494.443	90	
494.915	99	
495.388	98	
495.861	98	
496.333	103	
496.806	108	
497.279	107	
497.752	105	
498.224	106	
498.697	113	
499.17	120	
499.643	121	
500.116	118	
500.59	120	
501.063	130	
501.536	132	
502.009	142	
502.483	143	
502.956	152	
503.429	151	
503.903	148	
504.376	157	
504.85	161	
505.324	168	
505.797	167	
506.271	177	
506.745	178	
507.219	182	
507.693	174	
508.167	188	
508.641	193	
509.115	193	
509.589	198	
510.063	205	
510.537	212	
511.012	214	
511.486	218	
511.96	209	
512.435	218	
512.909	226	
513.384	218	
513.858	228	
514.333	230	
514.808	229	
515.283	233	
515.757	241	
516.232	242	
516.707	248	
517.182	241	
517.657	255	
518.132	257	
518.607	255	
519.082	262	
519.557	266	
520.033	269	
520.508	272	
520.983	270	
521.459	274	
521.934	278	
522.41	277	
522.885	285	
523.361	283	
523.836	284	
524.312	285	
524.788	280	
525.264	282	
525.739	290	
526.215	287	
526.691	281	
527.167	281	
527.643	285	
528.119	281	
528.595	282	
529.072	280	
529.548	286	
530.024	289	
530.5	292	
530.977	286	
531.453	295	
531.93	293	
532.406	294	
532.883	304	
533.359	301	
533.836	301	
534.313	301	
534.789	302	
535.266	305	
535.743	310	
536.22	309	
536.697	308	
537.174	318	
537.651	310	
538.128	319	
538.605	311	
539.082	317	
539.559	311	
540.037	312	
540.514	313	
540.991	315	
541.469	309	
541.946	308	
542.424	312	
542.901	309	
543.379	308	
543.856	307	
544.334	308	
544.812	307	
545.289	302	
545.767	305	
546.245	306	
546.723	304	
547.201	308	
547.679	304	
548.157	298	
548.635	297	
549.113	304	
549.591	305	
550.069	295	
550.548	304	
551.026	306	
551.504	308	
551.983	306	
552.461	308	
552.94	311	
553.418	310	
553.897	304	
554.375	310	
554.854	311	
555.333	320	
555.811	310	
556.29	306	
556.769	321	
557.248	303	
557.727	319	
558.206	315	
558.685	313	
559.164	320	
559.643	312	
560.122	319	
560.601	309	
561.08	311	
561.559	315	
562.039	309	
562.518	312	
562.997	304	
563.477	304	
563.956	301	
564.436	308	
564.915	306	
565.395	300	
565.875	302	
566.354	301	
566.834	306	
567.314	296	
567.793	294	
568.273	294	
568.753	295	
569.233	297	
569.713	295	
570.193	296	
570.673	294	
571.153	291	
571.633	299	
572.113	295	
572.594	303	
573.074	298	
573.554	291	
574.034	302	
574.515	311	
574.995	298	
575.476	309	
575.956	308	
576.437	306	
576.917	308	
577.398	303	
577.878	309	
578.359	306	
578.84	308	
579.32	314	
579.801	311	
580.282	313	
580.763	307	
581.244	306	
581.725	317	
582.206	312	
582.687	310	
583.168	311	
583.649	301	
584.13	307	
584.611	306	
585.093	297	
585.574	298	
586.055	305	
586.536	309	
587.018	302	
587.499	302	
587.981	297	
588.462	304	
588.944	296	
589.425	294	
589.907	290	
590.388	295	
590.87	289	
591.352	289	
591.834	288	
592.315	290	
592.797	288	
593.279	281	
593.761	287	
594.243	288	
594.725	285	
595.207	283	
595.689	283	
596.171	282	
596.653	282	
597.135	285	
597.617	281	
598.1	281	
598.582	279	
599.064	281	
599.546	282	
600.029	273	
600.511	275	
600.994	276	
601.476	275	
601.959	267	
602.441	271	
602.924	273	
603.406	275	
603.889	267	
604.372	260	
604.854	267	
605.337	269	
605.82	262	
606.303	260	
606.785	259	
607.268	259	
607.751	256	
608.234	256	
608.717	247	
609.2	251	
609.683	255	
610.166	246	
610.649	243	
611.133	240	
611.616	244	
612.099	240	
612.582	236	
613.066	233	
613.549	236	
614.032	231	
614.516	233	
614.999	228	
615.482	228	
615.966	227	
616.45	228	
616.933	231	
617.417	227	
617.9	226	
618.384	220	
618.868	225	
619.351	227	
619.835	225	
620.319	222	
620.803	216	
621.286	219	
621.77	219	
622.254	213	
622.738	223	
623.222	217	
623.706	225	
624.19	214	
624.674	220	
625.158	211	
625.642	211	
626.127	220	
626.611	216	
627.095	216	
627.579	210	
628.064	209	
628.548	212	
629.032	201	
629.517	211	
630.001	208	
630.485	214	
630.97	207	
631.454	212	
631.939	204	
632.423	205	
632.908	209	
633.393	209	
633.877	205	
634.362	201	
634.847	202	
635.331	209	
635.816	204	
636.301	204	
636.786	211	
637.271	203	
637.755	210	
638.24	198	
638.725	203	
639.21	206	
639.695	210	
640.18	204	
640.665	207	
641.15	211	
641.635	208	
642.121	208	
642.606	220	
643.091	218	
643.576	222	
644.061	222	
644.547	229	
645.032	230	
645.517	236	
646.003	244	
646.488	245	
646.973	253	
647.459	255	
647.944	260	
648.43	268	
648.915	268	
649.401	283	
649.886	293	
650.372	287	
650.858	299	
651.343	307	
651.829	312	
652.315	321	
652.8	331	
653.286	342	
653.772	347	
654.258	352	
654.744	365	
655.229	372	
655.715	373	
656.201	388	
656.687	392	
657.173	398	
657.659	404	
658.145	415	
658.631	414	
659.117	415	
659.603	399	
660.089	401	
660.576	385	
661.062	381	
661.548	371	
662.034	345	
662.52	335	
663.007	314	
663.493	291	
663.979	277	
664.466	256	
664.952	241	
665.438	219	
665.925	208	
666.411	194	
666.898	181	
667.384	171	
667.871	160	
668.357	153	
668.844	150	
669.33	136	
669.817	127	
670.303	127	
670.79	118	
671.277	116	
671.763	111	
672.25	106	
672.737	104	
673.224	100	
673.71	95	
674.197	83	
674.684	94	
675.171	86	
675.658	80	
676.145	83	
676.632	85	
677.118	76	
677.605	78	
678.092	83	
678.579	74	
679.066	77	
679.554	72	
680.041	73	
680.528	68	
681.015	74	
681.502	71	
681.989	75	
682.476	71	
682.963	72	
683.451	73	
683.938	75	
684.425	67	
684.912	69	
685.4	74	
685.887	67	
686.374	71	
686.862	68	
687.349	66	
687.837	72	
688.324	71	
688.811	72	
689.299	74	
689.786	76	
690.274	69	
690.761	73	
691.249	71	
691.736	72	
692.224	76	
692.712	75	
693.199	80	
693.687	82	
694.175	81	
694.662	81	
695.15	85	
695.638	86	
696.125	84	
696.613	87	
697.101	83	
697.589	86	
698.076	83	
698.564	97	
699.052	94	
699.54	98	
700.028	100	
700.516	105	
701.004	107	
701.492	102	
701.98	102	
702.468	110	
702.956	118	
703.444	120	
703.932	123	
704.42	127	
704.908	124	
705.396	135	
705.884	130	
706.372	142	
706.86	138	
707.348	147	
707.836	150	
708.325	149	
708.813	156	
709.301	163	
709.789	167	
710.277	164	
710.766	171	
711.254	175	
711.742	184	
712.231	189	
712.719	185	
713.207	191	
713.696	199	
714.184	205	
714.672	208	
715.161	202	
715.649	217	
716.138	223	
716.626	229	
717.114	232	
717.603	233	
718.091	236	
718.58	247	
719.068	244	
719.557	253	
720.046	256	
720.534	266	
721.023	264	
721.511	266	
722	270	
722.488	279	
722.977	284	
723.466	279	
723.954	286	
724.443	292	
724.932	300	
725.421	293	
725.909	302	
726.398	303	
726.887	304	
727.375	315	
727.864	314	
728.353	324	
728.842	331	
729.331	336	
729.819	329	
730.308	336	
730.797	345	
731.286	350	
731.775	341	
732.264	360	
732.753	361	
733.242	366	
733.73	359	
734.219	367	
734.708	371	
735.197	379	
735.686	373	
736.175	384	
736.664	383	
737.153	388	
737.642	386	
738.131	389	
738.62	390	
739.109	393	
739.599	393	
740.088	388	
740.577	393	
741.066	391	
741.555	385	
742.044	379	
742.533	371	
743.022	359	
743.511	355	
744.001	352	
744.49	341	
744.979	329	
745.468	329	
745.957	311	
746.447	297	
746.936	285	
747.425	277	
747.914	257	
748.403	249	
748.893	234	
749.382	215	
749.871	201	
750.361	193	
750.85	183	
751.339	170	
751.829	152	
752.318	147	
752.807	131	
753.297	128	
753.786	111	
754.275	106	
754.765	105	
755.254	92	
755.743	88	
756.233	81	
756.722	75	
757.212	73	
757.701	63	
758.19	54	
758.68	49	
759.169	44	
759.659	43	
760.148	44	
760.638	40	
761.127	37	
761.617	30	
762.106	32	
762.596	33	
763.085	25	
763.575	29	
764.064	27	
764.554	26	
765.043	23	
765.533	18	
766.022	21	
766.512	19	
767.001	14	
767.491	13	
767.981	6	
768.47	17	
768.96	9	
769.449	11	
769.939	12	
770.428	12	
770.918	9	
771.408	4	
771.897	10	
772.387	4	
772.877	10	
773.366	7	
773.856	8	
774.346	7	
774.835	5	
775.325	9	
775.814	2	
776.304	5	
776.794	6	
777.283	6	
777.773	1	
778.263	5	
778.753	7	
779.242	4	
779.732	6	
780.222	4	
780.711	0	
781.201	2	
781.691	-2	
782.18	7	
782.67	3	
783.16	0	
783.65	4	
784.139	8	
784.629	4	
785.119	10	
785.609	4	
786.098	4	
786.588	-4	
787.078	2	
787.568	9	
788.057	5	
788.547	1	
789.037	5	
789.527	2	
790.016	4	
790.506	3	
790.996	2	
791.486	2	
791.975	6	
792.465	0	
792.955	7	
793.445	5	
793.935	4	
794.424	4	
794.914	5	
795.404	3	
795.894	1	
796.384	7	
796.873	2	
797.363	3	
797.853	5	
798.343	7	
798.833	5	
799.322	8	
799.812	1	
800.302	1	
800.792	10	
801.282	3	
801.771	0	
802.261	0	
802.751	5	
803.241	-1	
803.731	1	
804.22	4	
804.71	6	
805.2	2	
805.69	5	
806.18	7	
806.669	-1	
807.159	3	
807.649	1	
808.139	3	
808.629	2	
809.118	1	
809.608	2	
810.098	5	
810.588	1	
811.077	2	
811.567	-4	
812.057	0	
812.547	1	
813.037	2	
813.526	1	
814.016	-1	
814.506	-6	
814.996	5	
815.486	0	
815.975	3	
816.465	-4	
816.955	2	
817.445	8	
817.934	1	
818.424	0	
818.914	3	
819.404	2	
819.893	1	
820.383	-5	
820.873	8	
821.363	-1	
821.852	4	
822.342	-1	
822.832	9	
823.322	0	
823.811	4	
824.301	2	
824.791	5	
825.281	1	
