S17176_1:101		
337.498	2	
337.947	-3	
338.397	4	
338.846	-4	
339.295	0	
339.745	-3	
340.194	-2	
340.644	-1	
341.094	1	
341.544	-1	
341.994	0	
342.444	-2	
342.894	2	
343.344	0	
343.794	-6	
344.244	1	
344.695	-1	
345.145	-4	
345.596	-3	
346.046	-3	
346.497	0	
346.948	-4	
347.399	0	
347.85	-4	
348.301	-2	
348.752	1	
349.203	1	
349.654	-6	
350.106	-1	
350.557	-3	
351.009	1	
351.46	1	
351.912	3	
352.364	-5	
352.816	3	
353.267	-2	
353.719	-5	
354.172	4	
354.624	-2	
355.076	-3	
355.528	3	
355.981	1	
356.433	-3	
356.886	-8	
357.338	2	
357.791	-1	
358.244	-4	
358.697	-1	
359.15	2	
359.603	-1	
360.056	-2	
360.509	3	
360.962	1	
361.416	-1	
361.869	-1	
362.323	2	
362.776	-1	
363.23	-7	
363.684	-5	
364.138	0	
364.591	-4	
365.045	-4	
365.499	5	
365.954	3	
366.408	0	
366.862	-4	
367.316	-1	
367.771	3	
368.225	-2	
368.68	-2	
369.135	5	
369.59	2	
370.044	-2	
370.499	-1	
370.954	-1	
371.409	0	
371.864	-5	
372.32	0	
372.775	-1	
373.23	-3	
373.686	1	
374.141	0	
374.597	3	
375.053	2	
375.508	2	
375.964	-1	
376.42	-2	
376.876	-2	
377.332	4	
377.788	-2	
378.244	-1	
378.701	2	
379.157	1	
379.614	1	
380.07	3	
380.527	1	
380.983	-2	
381.44	1	
381.897	1	
382.354	-1	
382.811	1	
383.268	3	
383.725	0	
384.182	3	
384.639	0	
385.097	3	
385.554	0	
386.011	-3	
386.469	-1	
386.927	3	
387.384	2	
387.842	1	
388.3	-1	
388.758	1	
389.216	-2	
389.674	-1	
390.132	-1	
390.59	0	
391.049	1	
391.507	0	
391.965	0	
392.424	1	
392.882	0	
393.341	-1	
393.8	-2	
394.259	-1	
394.718	3	
395.176	3	
395.635	-4	
396.095	3	
396.554	-2	
397.013	-5	
397.472	0	
397.932	1	
398.391	0	
398.851	2	
399.31	-3	
399.77	-5	
400.23	-1	
400.689	2	
401.149	1	
401.609	1	
402.069	2	
402.529	-1	
402.989	-2	
403.45	-4	
403.91	2	
404.37	2	
404.831	1	
405.291	2	
405.752	4	
406.213	-3	
406.673	-1	
407.134	-1	
407.595	3	
408.056	5	
408.517	0	
408.978	1	
409.439	1	
409.9	3	
410.362	0	
410.823	4	
411.284	4	
411.746	-4	
412.207	3	
412.669	-1	
413.131	3	
413.593	2	
414.054	6	
414.516	6	
414.978	5	
415.44	4	
415.902	6	
416.365	5	
416.827	8	
417.289	5	
417.752	11	
418.214	8	
418.677	5	
419.139	8	
419.602	11	
420.065	11	
420.527	16	
420.99	12	
421.453	12	
421.916	13	
422.379	17	
422.842	21	
423.306	17	
423.769	22	
424.232	14	
424.696	23	
425.159	25	
425.623	30	
426.086	31	
426.55	34	
427.014	30	
427.477	36	
427.941	38	
428.405	39	
428.869	40	
429.333	46	
429.797	45	
430.262	48	
430.726	55	
431.19	58	
431.655	59	
432.119	59	
432.584	69	
433.048	75	
433.513	80	
433.977	81	
434.442	93	
434.907	101	
435.372	103	
435.837	113	
436.302	119	
436.767	126	
437.232	135	
437.698	136	
438.163	152	
438.628	162	
439.094	165	
439.559	177	
440.025	178	
440.49	193	
440.956	205	
441.422	213	
441.888	221	
442.354	231	
442.819	244	
443.286	252	
443.752	258	
444.218	275	
444.684	287	
445.15	295	
445.617	312	
446.083	319	
446.549	329	
447.016	335	
447.482	341	
447.949	348	
448.416	355	
448.883	361	
449.349	360	
449.816	359	
450.283	363	
450.75	364	
451.217	366	
451.684	357	
452.152	359	
452.619	362	
453.086	359	
453.554	366	
454.021	353	
454.489	354	
454.956	352	
455.424	357	
455.892	342	
456.359	353	
456.827	349	
457.295	349	
457.763	339	
458.231	335	
458.699	324	
459.167	311	
459.635	301	
460.104	288	
460.572	277	
461.04	252	
461.509	243	
461.977	234	
462.446	219	
462.914	200	
463.383	193	
463.852	183	
464.32	171	
464.789	158	
465.258	157	
465.727	147	
466.196	137	
466.665	135	
467.134	130	
467.604	125	
468.073	125	
468.542	114	
469.012	112	
469.481	112	
469.95	110	
470.42	107	
470.89	104	
471.359	99	
471.829	98	
472.299	100	
472.769	99	
473.239	96	
473.709	89	
474.179	83	
474.649	75	
475.119	77	
475.589	75	
476.059	64	
476.529	63	
477	67	
477.47	60	
477.941	60	
478.411	53	
478.882	43	
479.353	48	
479.823	47	
480.294	43	
480.765	41	
481.236	40	
481.707	43	
482.178	41	
482.649	38	
483.12	38	
483.591	39	
484.062	34	
484.533	38	
485.005	36	
485.476	34	
485.948	38	
486.419	37	
486.891	39	
487.362	38	
487.834	35	
488.306	34	
488.777	38	
489.249	36	
489.721	38	
490.193	39	
490.665	40	
491.137	41	
491.609	32	
492.081	36	
492.554	40	
493.026	37	
493.498	37	
493.971	37	
494.443	35	
494.915	41	
495.388	42	
495.861	46	
496.333	43	
496.806	40	
497.279	46	
497.752	44	
498.224	49	
498.697	51	
499.17	51	
499.643	51	
500.116	52	
500.59	49	
501.063	56	
501.536	55	
502.009	62	
502.483	62	
502.956	67	
503.429	63	
503.903	65	
504.376	70	
504.85	72	
505.324	74	
505.797	79	
506.271	80	
506.745	77	
507.219	80	
507.693	78	
508.167	87	
508.641	86	
509.115	89	
509.589	93	
510.063	93	
510.537	95	
511.012	100	
511.486	96	
511.96	98	
512.435	102	
512.909	102	
513.384	102	
513.858	104	
514.333	111	
514.808	103	
515.283	106	
515.757	114	
516.232	116	
516.707	113	
517.182	114	
517.657	116	
518.132	121	
518.607	123	
519.082	118	
519.557	126	
520.033	125	
520.508	128	
520.983	128	
521.459	127	
521.934	126	
522.41	128	
522.885	131	
523.361	134	
523.836	135	
524.312	133	
524.788	134	
525.264	132	
525.739	135	
526.215	131	
526.691	131	
527.167	135	
527.643	134	
528.119	133	
528.595	132	
529.072	132	
529.548	141	
530.024	133	
530.5	132	
530.977	136	
531.453	139	
531.93	139	
532.406	138	
532.883	144	
533.359	139	
533.836	136	
534.313	145	
534.789	143	
535.266	143	
535.743	144	
536.22	143	
536.697	151	
537.174	145	
537.651	147	
538.128	149	
538.605	149	
539.082	146	
539.559	146	
540.037	145	
540.514	147	
540.991	149	
541.469	149	
541.946	145	
542.424	145	
542.901	147	
543.379	144	
543.856	143	
544.334	142	
544.812	144	
545.289	142	
545.767	142	
546.245	142	
546.723	139	
547.201	146	
547.679	144	
548.157	138	
548.635	139	
549.113	139	
549.591	143	
550.069	138	
550.548	144	
551.026	141	
551.504	138	
551.983	145	
552.461	144	
552.94	143	
553.418	140	
553.897	140	
554.375	144	
554.854	144	
555.333	147	
555.811	143	
556.29	145	
556.769	147	
557.248	140	
557.727	148	
558.206	147	
558.685	146	
559.164	148	
559.643	144	
560.122	152	
560.601	139	
561.08	141	
561.559	145	
562.039	142	
562.518	145	
562.997	139	
563.477	145	
563.956	138	
564.436	142	
564.915	141	
565.395	140	
565.875	139	
566.354	138	
566.834	139	
567.314	137	
567.793	138	
568.273	136	
568.753	133	
569.233	139	
569.713	132	
570.193	138	
570.673	138	
571.153	135	
571.633	140	
572.113	139	
572.594	136	
573.074	138	
573.554	136	
574.034	138	
574.515	139	
574.995	142	
575.476	143	
575.956	135	
576.437	139	
576.917	144	
577.398	138	
577.878	142	
578.359	143	
578.84	142	
579.32	144	
579.801	143	
580.282	144	
580.763	140	
581.244	143	
581.725	147	
582.206	145	
582.687	141	
583.168	140	
583.649	139	
584.13	143	
584.611	141	
585.093	130	
585.574	139	
586.055	138	
586.536	141	
587.018	142	
587.499	139	
587.981	132	
588.462	141	
588.944	140	
589.425	137	
589.907	131	
590.388	132	
590.87	130	
591.352	131	
591.834	132	
592.315	134	
592.797	137	
593.279	131	
593.761	135	
594.243	139	
594.725	131	
595.207	132	
595.689	134	
596.171	130	
596.653	133	
597.135	136	
597.617	132	
598.1	133	
598.582	134	
599.064	130	
599.546	135	
600.029	132	
600.511	135	
600.994	132	
601.476	134	
601.959	133	
602.441	137	
602.924	135.5	
603.406	134	
603.889	134	
604.372	135	
604.854	136	
605.337	133	
605.82	136	
606.303	138	
606.785	138	
607.268	138	
607.751	137	
608.234	141	
608.717	133	
609.2	140	
609.683	142	
610.166	142	
610.649	143	
611.133	143	
611.616	143	
612.099	145	
612.582	148	
613.066	149	
613.549	155	
614.032	153	
614.516	154	
614.999	157	
615.482	157	
615.966	160	
616.45	165	
616.933	170	
617.417	176	
617.9	173	
618.384	180	
618.868	180	
619.351	187	
619.835	198	
620.319	195	
620.803	200	
621.286	209	
621.77	214	
622.254	210	
622.738	226	
623.222	233	
623.706	238	
624.19	245	
624.674	253	
625.158	260	
625.642	270	
626.127	285	
626.611	285	
627.095	294	
627.579	303	
628.064	310	
628.548	324	
629.032	332	
629.517	351	
630.001	356	
630.485	371	
630.97	383	
631.454	399	
631.939	406	
632.423	419	
632.908	434	
633.393	452	
633.877	471	
634.362	479	
634.847	491	
635.331	507	
635.816	523	
636.301	536	
636.786	564	
637.271	573	
637.755	600	
638.24	614	
638.725	643	
639.21	661	
639.695	675	
640.18	693	
640.665	731	
641.15	746	
641.635	773	
642.121	803	
642.606	845	
643.091	867	
643.576	901	
644.061	946	
644.547	978	
645.032	1013	
645.517	1062	
646.003	1105	
646.488	1150	
646.973	1213	
647.459	1250	
647.944	1294	
648.43	1352	
648.915	1423	
649.401	1474	
649.886	1523	
650.372	1570	
650.858	1661	
651.343	1716	
651.829	1766	
652.315	1837	
652.8	1911	
653.286	1970	
653.772	2044	
654.258	2106	
654.744	2182	
655.229	2237	
655.715	2295	
656.201	2361	
656.687	2418	
657.173	2469	
657.659	2522	
658.145	2574	
658.631	2611	
659.117	2613	
659.603	2625	
660.089	2621	
660.576	2609	
661.062	2576	
661.548	2555	
662.034	2465	
662.52	2390	
663.007	2319	
663.493	2201	
663.979	2094	
664.466	1978	
664.952	1861	
665.438	1716	
665.925	1623	
666.411	1498	
666.898	1358	
667.384	1253	
667.871	1158	
668.357	1066	
668.844	979	
669.33	892	
669.817	816	
670.303	750	
670.79	691	
671.277	633	
671.763	582	
672.25	529	
672.737	497	
673.224	443	
673.71	412	
674.197	378	
674.684	358	
675.171	327	
675.658	303	
676.145	280	
676.632	268	
677.118	240	
677.605	225	
678.092	212	
678.579	197	
679.066	185	
679.554	172	
680.041	158	
680.528	145	
681.015	141	
681.502	133	
681.989	126	
682.476	118	
682.963	111	
683.451	103	
683.938	100	
684.425	96	
684.912	89	
685.4	83	
685.887	79	
686.374	78	
686.862	68	
687.349	71	
687.837	69	
688.324	71	
688.811	66	
689.299	62	
689.786	64	
690.274	61	
690.761	59	
691.249	53	
691.736	60	
692.224	53	
692.712	50	
693.199	52	
693.687	53	
694.175	51	
694.662	54	
695.15	52	
695.638	55	
696.125	48	
696.613	47	
697.101	50	
697.589	51	
698.076	46	
698.564	53	
699.052	53	
699.54	51	
700.028	54	
700.516	55	
701.004	47	
701.492	50	
701.98	54	
702.468	55	
702.956	56	
703.444	58	
703.932	63	
704.42	65	
704.908	60	
705.396	64	
705.884	71	
706.372	67	
706.86	66	
707.348	71	
707.836	72	
708.325	80	
708.813	78	
709.301	79	
709.789	80	
710.277	78	
710.766	82	
711.254	88	
711.742	86	
712.231	86	
712.719	90	
713.207	88	
713.696	97	
714.184	97	
714.672	98	
715.161	95	
715.649	104	
716.138	110	
716.626	109	
717.114	108	
717.603	111	
718.091	117	
718.58	122	
719.068	117	
719.557	118	
720.046	124	
720.534	135	
721.023	126	
721.511	128	
722	131	
722.488	136	
722.977	142	
723.466	137	
723.954	144	
724.443	146	
724.932	147	
725.421	148	
725.909	152	
726.398	155	
726.887	157	
727.375	161	
727.864	165	
728.353	165	
728.842	172	
729.331	176	
729.819	174	
730.308	180	
730.797	182	
731.286	187	
731.775	188	
732.264	193	
732.753	196	
733.242	198	
733.73	201	
734.219	201	
734.708	203	
735.197	209	
735.686	210	
736.175	215	
736.664	214	
737.153	215	
737.642	220	
738.131	211	
738.62	208	
739.109	209	
739.599	208	
740.088	197	
740.577	199	
741.066	187	
741.555	187	
742.044	177	
742.533	169	
743.022	156	
743.511	149	
744.001	145	
744.49	139	
744.979	123	
745.468	123	
745.957	115	
746.447	103	
746.936	99	
747.425	87	
747.914	82	
748.403	79	
748.893	69	
749.382	56	
749.871	61	
750.361	55	
750.85	52	
751.339	49	
751.829	39	
752.318	37	
752.807	35	
753.297	35	
753.786	25	
754.275	27	
754.765	25	
755.254	23	
755.743	19	
756.233	25	
756.722	26	
757.212	17	
757.701	15	
758.19	16	
758.68	16	
759.169	12	
759.659	12	
760.148	18	
760.638	15	
761.127	8	
761.617	4	
762.106	13	
762.596	4	
763.085	4	
763.575	5	
764.064	5	
764.554	10	
765.043	5	
765.533	0	
766.022	8	
766.512	5	
767.001	1	
767.491	2	
767.981	3	
768.47	6	
768.96	2	
769.449	0	
769.939	1	
770.428	5	
770.918	2	
771.408	4	
771.897	4	
772.387	1	
772.877	6	
773.366	1	
773.856	1	
774.346	-1	
774.835	4	
775.325	11	
775.814	1	
776.304	6	
776.794	0	
777.283	4	
777.773	3	
778.263	2	
778.753	5	
779.242	2	
779.732	4	
780.222	1	
780.711	0	
781.201	0	
781.691	2	
782.18	5	
782.67	0	
783.16	2	
783.65	0	
784.139	2	
784.629	4	
785.119	4	
785.609	0	
786.098	4	
786.588	-3	
787.078	0	
787.568	5	
788.057	3	
788.547	-4	
789.037	3	
789.527	-2	
790.016	2	
790.506	3	
790.996	-5	
791.486	2	
791.975	5	
792.465	0	
792.955	0	
793.445	1	
793.935	0	
794.424	4	
794.914	3	
795.404	5	
795.894	0	
796.384	-2	
796.873	2	
797.363	2	
797.853	5	
798.343	4	
798.833	0	
799.322	3	
799.812	-2	
800.302	-1	
800.792	6	
801.282	3	
801.771	-4	
802.261	2	
802.751	2	
803.241	1	
803.731	5	
804.22	4	
804.71	5	
805.2	2	
805.69	4	
806.18	4	
806.669	3	
807.159	1	
807.649	5	
808.139	-3	
808.629	-1	
809.118	4	
809.608	-2	
810.098	1	
810.588	3	
811.077	3	
811.567	1	
812.057	1	
812.547	-1	
813.037	5	
813.526	3	
814.016	0	
814.506	-5	
814.996	-1	
815.486	2	
815.975	2	
816.465	-3	
816.955	0	
817.445	2	
817.934	-2	
818.424	0	
818.914	1	
819.404	0	
819.893	1	
820.383	-7	
820.873	4	
821.363	3	
821.852	2	
822.342	-3	
822.832	5	
823.322	2	
823.811	3	
824.301	1	
824.791	5	
825.281	-1	
