S17176_1:101		
337.498	0	
337.947	0	
338.397	4	
338.846	-4	
339.295	-4	
339.745	4	
340.194	-3	
340.644	-2	
341.094	-1	
341.544	-2	
341.994	-1	
342.444	3	
342.894	1	
343.344	0	
343.794	-6	
344.244	-1	
344.695	-1	
345.145	-8	
345.596	1	
346.046	1	
346.497	-2	
346.948	-1	
347.399	-1	
347.85	-3	
348.301	-4	
348.752	1	
349.203	3	
349.654	1	
350.106	1	
350.557	1	
351.009	-3	
351.46	-3	
351.912	0	
352.364	-2	
352.816	2	
353.267	3	
353.719	1	
354.172	3	
354.624	0	
355.076	2	
355.528	2	
355.981	-2	
356.433	-2	
356.886	-4	
357.338	2	
357.791	1	
358.244	1	
358.697	-3	
359.15	1	
359.603	-2	
360.056	-7	
360.509	1	
360.962	1	
361.416	2	
361.869	-5	
362.323	4	
362.776	-5	
363.23	-3	
363.684	-7	
364.138	4	
364.591	1	
365.045	-4	
365.499	6	
365.954	3	
366.408	-2	
366.862	1	
367.316	0	
367.771	4	
368.225	4	
368.68	0	
369.135	2	
369.59	3	
370.044	1	
370.499	-2	
370.954	-2	
371.409	0	
371.864	0	
372.32	2	
372.775	0	
373.23	-5	
373.686	-2	
374.141	-2	
374.597	-2	
375.053	0	
375.508	3	
375.964	-3	
376.42	-1	
376.876	-8	
377.332	0	
377.788	-1	
378.244	-1	
378.701	-1	
379.157	0	
379.614	4	
380.07	0	
380.527	1	
380.983	-2	
381.44	-1	
381.897	-4	
382.354	1	
382.811	0	
383.268	4	
383.725	-2	
384.182	0	
384.639	-1	
385.097	0	
385.554	0	
386.011	-10	
386.469	-2	
386.927	2	
387.384	1	
387.842	6	
388.3	2	
388.758	-1	
389.216	-2	
389.674	3	
390.132	2	
390.59	2	
391.049	1	
391.507	-2	
391.965	0	
392.424	-1	
392.882	2	
393.341	0	
393.8	-3	
394.259	0	
394.718	5	
395.176	3	
395.635	1	
396.095	-3	
396.554	2	
397.013	-5	
397.472	1	
397.932	-2	
398.391	0	
398.851	1	
399.31	1	
399.77	-7	
400.23	2	
400.689	1	
401.149	5	
401.609	6	
402.069	2	
402.529	1	
402.989	-1	
403.45	-4	
403.91	3	
404.37	3	
404.831	2	
405.291	3	
405.752	5	
406.213	-1	
406.673	-3	
407.134	5	
407.595	7	
408.056	2	
408.517	3	
408.978	9	
409.439	1	
409.9	3	
410.362	6	
410.823	8	
411.284	8	
411.746	1	
412.207	11	
412.669	7	
413.131	12	
413.593	5	
414.054	13	
414.516	16	
414.978	15	
415.44	15	
415.902	17	
416.365	20	
416.827	23	
417.289	16	
417.752	22	
418.214	27	
418.677	26	
419.139	20	
419.602	28	
420.065	32	
420.527	41	
420.99	37	
421.453	42	
421.916	46	
422.379	52	
422.842	54	
423.306	52	
423.769	61	
424.232	52	
424.696	65	
425.159	68	
425.623	79	
426.086	84	
426.55	83	
427.014	85	
427.477	89	
427.941	99	
428.405	103	
428.869	109	
429.333	113	
429.797	119	
430.262	121	
430.726	133	
431.19	143	
431.655	154	
432.119	158	
432.584	170	
433.048	181	
433.513	190	
433.977	201	
434.442	212	
434.907	237	
435.372	245	
435.837	261	
436.302	267	
436.767	285	
437.232	309	
437.698	318	
438.163	344	
438.628	351	
439.094	370	
439.559	391	
440.025	395	
440.49	418	
440.956	443	
441.422	462	
441.888	474	
442.354	495	
442.819	516	
443.286	534	
443.752	540	
444.218	571	
444.684	579	
445.15	602	
445.617	625	
446.083	632	
446.549	649	
447.016	660	
447.482	670	
447.949	677	
448.416	681	
448.883	684	
449.349	683	
449.816	684	
450.283	687	
450.75	678	
451.217	687	
451.684	669	
452.152	672	
452.619	671	
453.086	675	
453.554	683	
454.021	664	
454.489	668	
454.956	663	
455.424	680	
455.892	666	
456.359	670	
456.827	665	
457.295	663	
457.763	660	
458.231	654	
458.699	635	
459.167	609	
459.635	588	
460.104	567	
460.572	549	
461.04	508	
461.509	486	
461.977	461	
462.446	440	
462.914	410	
463.383	388	
463.852	358	
464.32	350	
464.789	323	
465.258	304	
465.727	290	
466.196	274	
466.665	276	
467.134	258	
467.604	250	
468.073	244	
468.542	234	
469.012	228	
469.481	227	
469.95	224	
470.42	216	
470.89	210	
471.359	204	
471.829	201	
472.299	200	
472.769	193	
473.239	192	
473.709	184	
474.179	176	
474.649	164	
475.119	159	
475.589	155	
476.059	144	
476.529	139	
477	132	
477.47	131	
477.941	122	
478.411	113	
478.882	102	
479.353	102	
479.823	104	
480.294	98	
480.765	97	
481.236	92	
481.707	87	
482.178	88	
482.649	84	
483.12	87	
483.591	89	
484.062	86	
484.533	86	
485.005	82.5	
485.476	79	
485.948	84	
486.419	87	
486.891	84	
487.362	85	
487.834	87	
488.306	89	
488.777	84	
489.249	87	
489.721	83	
490.193	85	
490.665	88	
491.137	90	
491.609	90	
492.081	84	
492.554	92	
493.026	87	
493.498	90	
493.971	93	
494.443	88	
494.915	95	
495.388	98	
495.861	99	
496.333	102	
496.806	105	
497.279	106	
497.752	103	
498.224	107	
498.697	114	
499.17	115	
499.643	116	
500.116	117	
500.59	117	
501.063	131	
501.536	135	
502.009	140	
502.483	133	
502.956	146	
503.429	150	
503.903	150	
504.376	158	
504.85	161	
505.324	169	
505.797	169	
506.271	180	
506.745	174	
507.219	174	
507.693	175	
508.167	184	
508.641	195	
509.115	194	
509.589	197	
510.063	205	
510.537	208	
511.012	209	
511.486	213	
511.96	209	
512.435	222	
512.909	224	
513.384	220	
513.858	231	
514.333	233	
514.808	227	
515.283	232	
515.757	242	
516.232	247	
516.707	247	
517.182	244	
517.657	250	
518.132	252	
518.607	262	
519.082	258	
519.557	263	
520.033	271	
520.508	272	
520.983	272	
521.459	274	
521.934	275	
522.41	278	
522.885	285	
523.361	282	
523.836	284	
524.312	285	
524.788	290	
525.264	281	
525.739	284	
526.215	281	
526.691	284	
527.167	282	
527.643	284	
528.119	282	
528.595	282	
529.072	283	
529.548	287	
530.024	290	
530.5	286	
530.977	289	
531.453	288	
531.93	295	
532.406	297	
532.883	305	
533.359	302	
533.836	302	
534.313	302	
534.789	302	
535.266	308	
535.743	309	
536.22	310	
536.697	309	
537.174	316	
537.651	315	
538.128	321	
538.605	317	
539.082	315	
539.559	309	
540.037	316	
540.514	318	
540.991	316	
541.469	311	
541.946	307	
542.424	312	
542.901	309	
543.379	313	
543.856	305	
544.334	306	
544.812	310	
545.289	305	
545.767	300	
546.245	300	
546.723	302	
547.201	305	
547.679	302	
548.157	299	
548.635	298	
549.113	299	
549.591	304	
550.069	298	
550.548	308	
551.026	304	
551.504	309	
551.983	307	
552.461	309	
552.94	316	
553.418	309	
553.897	305	
554.375	309	
554.854	311	
555.333	320	
555.811	311	
556.29	315	
556.769	318	
557.248	306	
557.727	321	
558.206	316	
558.685	318	
559.164	323	
559.643	309	
560.122	318	
560.601	308	
561.08	318	
561.559	313	
562.039	311	
562.518	307	
562.997	305	
563.477	307	
563.956	304	
564.436	306	
564.915	307	
565.395	305	
565.875	300	
566.354	302	
566.834	309	
567.314	296	
567.793	295	
568.273	296	
568.753	297	
569.233	297	
569.713	293	
570.193	296	
570.673	300	
571.153	299	
571.633	300	
572.113	295	
572.594	300	
573.074	300	
573.554	296	
574.034	300	
574.515	308	
574.995	301	
575.476	301	
575.956	307	
576.437	306	
576.917	312	
577.398	303	
577.878	309	
578.359	308	
578.84	312	
579.32	314	
579.801	311	
580.282	313	
580.763	306	
581.244	310	
581.725	316	
582.206	311	
582.687	310	
583.168	310	
583.649	304	
584.13	311	
584.611	308	
585.093	296	
585.574	304	
586.055	306	
586.536	303	
587.018	303	
587.499	296	
587.981	297	
588.462	304	
588.944	295	
589.425	298	
589.907	290	
590.388	295	
590.87	287	
591.352	288	
591.834	291	
592.315	287	
592.797	289	
593.279	281	
593.761	286	
594.243	287	
594.725	282	
595.207	281	
595.689	283	
596.171	280	
596.653	283	
597.135	281	
597.617	279	
598.1	275	
598.582	280	
599.064	280	
599.546	279	
600.029	273	
600.511	278	
600.994	275	
601.476	271	
601.959	269	
602.441	262	
602.924	265.5	
603.406	269	
603.889	275	
604.372	262	
604.854	266	
605.337	268	
605.82	264	
606.303	259	
606.785	257	
607.268	256	
607.751	255	
608.234	254	
608.717	244	
609.2	249	
609.683	250	
610.166	243	
610.649	242	
611.133	242	
611.616	244	
612.099	233	
612.582	237	
613.066	233	
613.549	234	
614.032	230	
614.516	234	
614.999	230	
615.482	232	
615.966	225	
616.45	223	
616.933	227	
617.417	226	
617.9	227	
618.384	217	
618.868	224	
619.351	225	
619.835	224	
620.319	224	
620.803	217	
621.286	219	
621.77	217	
622.254	214	
622.738	221	
623.222	220	
623.706	215	
624.19	206	
624.674	214	
625.158	212	
625.642	212	
626.127	218	
626.611	214	
627.095	213	
627.579	213	
628.064	204	
628.548	210	
629.032	200	
629.517	209	
630.001	202	
630.485	216	
630.97	202	
631.454	208	
631.939	199	
632.423	204	
632.908	204	
633.393	203	
633.877	203	
634.362	201	
634.847	207	
635.331	199	
635.816	201	
636.301	196	
636.786	210	
637.271	198	
637.755	203	
638.24	198	
638.725	203	
639.21	201	
639.695	200	
640.18	201	
640.665	211	
641.15	206	
641.635	204	
642.121	207	
642.606	212	
643.091	215	
643.576	214	
644.061	220	
644.547	223	
645.032	228	
645.517	229	
646.003	235	
646.488	236	
646.973	245	
647.459	247	
647.944	247	
648.43	259	
648.915	269	
649.401	273	
649.886	278	
650.372	281	
650.858	291	
651.343	299	
651.829	296	
652.315	307	
652.8	318	
653.286	332	
653.772	337	
654.258	338	
654.744	351	
655.229	358	
655.715	364	
656.201	373	
656.687	381	
657.173	392	
657.659	392	
658.145	406	
658.631	407	
659.117	403	
659.603	394	
660.089	401	
660.576	385	
661.062	387	
661.548	382	
662.034	360	
662.52	345	
663.007	327	
663.493	311	
663.979	290	
664.466	277	
664.952	252	
665.438	234	
665.925	222	
666.411	208	
666.898	191	
667.384	181	
667.871	171	
668.357	162	
668.844	153	
669.33	141	
669.817	128	
670.303	130	
670.79	124	
671.277	121	
671.763	113	
672.25	108	
672.737	105	
673.224	105	
673.71	93	
674.197	85	
674.684	90	
675.171	86	
675.658	84	
676.145	80	
676.632	84	
677.118	82	
677.605	76	
678.092	82	
678.579	73	
679.066	74	
679.554	73	
680.041	73	
680.528	67	
681.015	70	
681.502	71	
681.989	70	
682.476	70	
682.963	74	
683.451	66	
683.938	69	
684.425	72	
684.912	70	
685.4	69	
685.887	68	
686.374	72	
686.862	68	
687.349	70	
687.837	67	
688.324	66	
688.811	71	
689.299	69	
689.786	67	
690.274	68	
690.761	73	
691.249	67	
691.736	70	
692.224	73	
692.712	73	
693.199	74	
693.687	76	
694.175	80	
694.662	78	
695.15	81	
695.638	80	
696.125	81	
696.613	83	
697.101	80	
697.589	86	
698.076	80	
698.564	94	
699.052	91	
699.54	99	
700.028	93	
700.516	96	
701.004	100	
701.492	94	
701.98	97	
702.468	103	
702.956	109	
703.444	114	
703.932	117	
704.42	115	
704.908	117	
705.396	123	
705.884	124	
706.372	133	
706.86	129	
707.348	134	
707.836	141	
708.325	138	
708.813	146	
709.301	153	
709.789	150	
710.277	152	
710.766	155	
711.254	167	
711.742	167	
712.231	167	
712.719	170	
713.207	176	
713.696	181	
714.184	182	
714.672	190	
715.161	183	
715.649	201	
716.138	202	
716.626	204	
717.114	211	
717.603	212	
718.091	218	
718.58	218	
719.068	228	
719.557	228	
720.046	232	
720.534	240	
721.023	240	
721.511	249	
722	247	
722.488	250	
722.977	259	
723.466	256	
723.954	262	
724.443	266	
724.932	267	
725.421	270	
725.909	276	
726.398	283	
726.887	286	
727.375	287	
727.864	291	
728.353	301	
728.842	303	
729.331	304	
729.819	308	
730.308	312	
730.797	313	
731.286	322	
731.775	314	
732.264	330	
732.753	329	
733.242	334	
733.73	327	
734.219	338	
734.708	337	
735.197	347	
735.686	348	
736.175	352	
736.664	350	
737.153	352	
737.642	357	
738.131	362	
738.62	353	
739.109	357	
739.599	361	
740.088	353	
740.577	356	
741.066	348	
741.555	352	
742.044	343	
742.533	334	
743.022	326	
743.511	319	
744.001	313	
744.49	309	
744.979	291	
745.468	289	
745.957	276	
746.447	261	
746.936	250	
747.425	246	
747.914	228	
748.403	222	
748.893	205	
749.382	189	
749.871	177	
750.361	169	
750.85	157	
751.339	153	
751.829	136	
752.318	129	
752.807	116	
753.297	111	
753.786	102	
754.275	93	
754.765	89	
755.254	81	
755.743	76	
756.233	70	
756.722	69	
757.212	63	
757.701	58	
758.19	52	
758.68	46	
759.169	49	
759.659	42	
760.148	41	
760.638	34	
761.127	32	
761.617	27	
762.106	29	
762.596	28	
763.085	21	
763.575	23	
764.064	26	
764.554	19	
765.043	20	
765.533	21	
766.022	23	
766.512	20	
767.001	10	
767.491	16	
767.981	6	
768.47	13	
768.96	5	
769.449	9	
769.939	11	
770.428	11	
770.918	4	
771.408	6	
771.897	5	
772.387	10	
772.877	10	
773.366	8	
773.856	7	
774.346	2	
774.835	5	
775.325	9	
775.814	2	
776.304	1	
776.794	8	
777.283	4	
777.773	5	
778.263	3	
778.753	4	
779.242	4	
779.732	0	
780.222	2	
780.711	5	
781.201	3	
781.691	-3	
782.18	5	
782.67	4	
783.16	2	
783.65	5	
784.139	7	
784.629	2	
785.119	3	
785.609	5	
786.098	5	
786.588	-3	
787.078	5	
787.568	3	
788.057	2	
788.547	3	
789.037	1	
789.527	-2	
790.016	5	
790.506	0	
790.996	1	
791.486	-2	
791.975	2	
792.465	-1	
792.955	5	
793.445	1	
793.935	4	
794.424	6	
794.914	-1	
795.404	2	
795.894	2	
796.384	2	
796.873	2	
797.363	4	
797.853	1	
798.343	5	
798.833	1	
799.322	5	
799.812	5	
800.302	1	
800.792	3	
801.282	0	
801.771	-4	
802.261	5	
802.751	3	
803.241	-1	
803.731	-5	
804.22	0	
804.71	5	
805.2	-1	
805.69	7	
806.18	6	
806.669	0	
807.159	-2	
807.649	-1	
808.139	3	
808.629	-1	
809.118	-3	
809.608	0	
810.098	1	
810.588	5	
811.077	4	
811.567	-1	
812.057	2	
812.547	-1	
813.037	2	
813.526	-1	
814.016	-2	
814.506	-10	
814.996	5	
815.486	3	
815.975	0	
816.465	-3	
816.955	1	
817.445	6	
817.934	2	
818.424	4	
818.914	4	
819.404	0	
819.893	1	
820.383	-3	
820.873	6	
821.363	0	
821.852	6	
822.342	-3	
822.832	5	
823.322	1	
823.811	1	
824.301	-1	
824.791	3	
825.281	1	
